8 12 20
63 62 125
44 3 47
9 43 52
74 99 173
35 77 112
91 88 179
67 18 85
51 55 106
46 65 111
24 88 112
34 85 119
88 79 167
47 54 101
78 65 143
31 39 70
81 12 93
63 68 131
28 92 120
26 50 76
90 94 184
9 96 105
5 21 26
60 86 146
46 13 59
29 52 81
82 53 135
82 54 136
96 12 108
72 55 127
41 7 48
70 77 147
70 33 103
82 87 169
3 80 83
49 41 90
74 39 113
37 23 60
61 34 95
77 26 103
24 71 95
78 55 133
62 58 120
45 76 121
7 36 43
12 85 97
78 91 169
77 93 170
23 0 23
30 86 116
70 76 146
15 65 80
30 76 106
79 31 110
67 25 92
95 25 120
47 79 126
37 61 98
43 43 86
95 23 118
2 94 96
5 95 100
61 65 126
52 78 130
24 6 30
10 16 26
83 56 139
27 67 94
42 77 119
94 25 119
90 68 158
59 20 79
98 77 175
50 81 131
90 1 91
91 37 128
12 44 56
37 53 90
51 76 127
92 29 121
66 47 113
78 37 115
74 46 120
21 38 59
37 10 47
84 89 173
75 99 174
31 98 129
68 60 128
48 58 106
90 1 91
82 4 86
49 75 124
37 63 100
40 26 66
22 21 43
22 28 50
95 18 113
80 34 114
1 48 49
33 66 99
68 5 73
20 9 29
86 80 166
16 29 45
96 52 148
11 66 77
14 85 99
65 80 145
74 67 141
76 38 114
49 21 70
4 44 48
42 71 113
94 52 146
42 57 99
9 33 42
34 98 132
53 24 77
57 34 91
65 80 145
84 66 150
42 0 42
90 90 180
76 23 99
66 0 66
50 78 128
54 31 85
28 9 37
43 63 106
41 25 66
63 14 77
36 40 76
90 53 143
93 22 115
20 70 90
22 9 31
34 39 73
94 75 169
57 25 82
18 77 95
41 6 47
21 0 21
17 2 19
63 47 110
72 63 135
3 54 57
50 29 79
66 44 110
99 7 106
37 52 89
20 24 44
4 33 37
85 31 116
45 10 55
52 88 140
41 50 91
60 76 136
35 37 72
67 8 75
36 62 98
25 87 112
21 54 75
97 64 161
43 91 134
4 29 33
86 2 88
47 18 65
14 85 99
64 87 151
65 39 104
64 9 73
38 26 64
67 44 111
77 70 147
92 35 127
64 63 127
79 36 115
60 36 96
13 96 109
2 50 52
26 0 26
53 53 106
82 15 97
16 13 29
1 88 89
32 6 38
19 30 49
6 92 98
93 32 125
8 43 51
91 35 126
99 40 139
67 52 119
8 19 27
1 92 93
34 44 78
65 71 136
84 15 99
62 32 94
77 43 120
89 71 160
28 63 91
47 78 125
7 65 72
85 59 144
71 35 106
74 88 162
86 9 95
43 93 136
90 79 169
74 25 99
52 32 84
19 47 66
90 48 138
14 6 20
72 4 76
4 32 36
59 39 98
59 50 109
45 16 61
74 44 118
10 28 38
12 89 101
74 38 112
90 83 173
36 54 90
18 38 56
92 20 112
79 92 171
94 56 150
17 28 45
16 74 90
59 60 119
52 39 91
39 91 130
9 88 97
44 11 55
8 82 90
3 18 21
39 50 89
2 28 30
24 66 90
86 25 111
68 71 139
33 44 77
16 46 62
14 58 72
72 28 100
53 32 85
24 21 45
97 80 177
61 93 154
60 30 90
7 60 67
34 65 99
27 58 85
4 86 90
6 40 46
22 14 36
51 81 132
53 7 60
21 79 100
42 36 78
50 63 113
83 51 134
56 12 68
16 57 73
39 17 56
6 17 23
7 2 9
5 80 85
78 30 108
89 86 175
22 73 95
64 80 144
81 1 82
72 78 150
96 50 146
51 86 137
77 80 157
76 41 117
64 49 113
64 81 145
26 71 97
59 44 103
94 44 138
92 71 163
99 24 123
12 17 29
98 71 169
9 91 100
54 30 84
1 0 1
24 94 118
13 74 87
43 39 82
15 41 56
91 47 138
36 62 98
89 10 99
0 12 12
15 12 27
7 64 71
76 26 102
82 10 92
72 66 138
32 37 69
90 3 93
0 45 45
31 89 120
99 70 169
2 11 13
99 38 137
73 50 123
77 21 98
73 89 162
13 20 33
39 13 52
42 15 57
67 15 82
20 54 74
69 53 122
66 37 103
83 14 97
1 84 85
98 53 151
24 65 89
57 30 87
67 76 143
2 90 92
71 92 163
58 35 93
3 43 46
8 6 14
17 60 77
75 24 99
42 88 130
0 98 98
93 58 151
66 22 88
71 60 131
50 19 69
16 45 61
99 84 183
19 95 114
77 34 111
50 41 91
77 78 155
85 64 149
23 81 104
20 63 83
24 77 101
90 61 151
43 4 47
21 63 84
11 91 102
94 84 178
58 95 153
77 55 132
83 78 161
38 59 97
46 89 135
72 71 143
21 62 83
40 48 88
84 75 159
31 41 72
16 22 38
0 74 74
28 44 72
9 90 99
47 56 103
62 75 137
36 69 105
2 78 80
69 42 111
98 81 179
96 67 163
7 68 75
0 93 93
30 93 123
73 56 129
83 98 181
5 39 44
96 50 146
51 88 139
76 77 153
50 74 124
98 22 120
16 12 28
17 9 26
98 39 137
54 49 103
18 72 90
88 57 145
80 59 139
42 40 82
19 49 68
41 7 48
78 83 161
79 38 117
24 60 84
32 51 83
53 73 126
45 21 66
3 38 41
42 48 90
43 93 136
7 43 50
97 75 172
23 68 91
97 48 145
76 60 136
69 10 79
40 56 96
42 68 110
3 53 56
6 63 69
45 61 106
23 13 36
69 90 159
83 17 100
55 73 128
74 17 91
87 28 115
18 71 89
50 61 111
1 16 17
6 78 84
97 81 178
82 91 173
63 63 126
74 8 82
75 36 111
39 87 126
84 15 99
5 24 29
26 5 31
77 34 111
43 64 107
9 79 88
6 88 94
65 59 124
56 59 115
79 69 148
66 16 82
34 95 129
62 29 91
80 74 154
7 87 94
76 24 100
68 61 129
92 70 162
59 95 154
28 80 108
93 69 162
22 91 113
93 37 130
66 75 141
95 77 172
16 54 70
69 17 86
91 67 158
49 71 120
56 34 90
73 79 152
77 42 119
13 67 80
0 70 70
41 8 49
53 33 86
39 75 114
27 65 92
10 53 63
60 41 101
35 23 58
23 40 63
83 26 109
62 64 126
39 76 115
3 35 38
41 15 56
27 96 123
87 71 158
56 92 148
91 45 136
52 85 137
83 28 111
25 61 86
74 60 134
28 65 93
65 71 136
44 18 62
26 5 31
95 6 101
11 89 100
9 54 63
7 59 66
19 74 93
85 84 169
85 7 92
21 80 101
38 33 71
8 75 83
76 28 104
20 50 70
1 79 80
60 20 80
29 4 33
53 35 88
17 22 39
91 13 104
93 98 191
41 67 108
83 39 122
49 1 50
94 1 95
62 11 73
90 18 108
82 48 130
83 54 137
69 10 79
6 28 34
87 80 167
35 63 98
31 5 36
70 97 167
58 1 59
92 42 134
13 90 103
74 77 151
10 30 40
9 26 35
78 0 78
58 64 122
82 95 177
26 53 79
25 5 30
24 45 69
30 22 52
32 29 61
55 2 57
36 36 72
62 2 64
23 57 80
30 53 83
8 95 103
79 3 82
27 50 77
11 69 80
98 81 179
81 54 135
70 14 84
51 36 87
51 5 56
28 30 58
84 71 155
18 12 30
78 2 80
25 80 105
20 46 66
75 83 158
51 82 133
79 83 162
18 23 41
59 90 149
60 36 96
71 23 94
20 16 36
16 60 76
77 12 89
4 34 38
46 94 140
3 70 73
12 38 50
2 22 24
4 76 80
42 24 66
74 39 113
3 44 47
99 5 104
97 29 126
20 96 116
79 20 99
37 51 88
26 21 47
14 68 82
6 35 41
23 22 45
39 21 60
82 92 174
12 35 47
53 61 114
11 18 29
58 32 90
22 69 91
48 71 119
94 98 192
58 81 139
1 62 63
96 87 183
1 61 62
62 84 146
82 38 120
11 1 12
85 47 132
11 66 77
58 3 61
47 54 101
54 95 149
66 43 109
84 80 164
61 3 64
35 62 97
19 74 93
11 15 26
18 70 88
6 94 100
9 98 107
72 34 106
9 14 23
37 7 44
6 16 22
93 26 119
62 64 126
13 42 55
15 61 76
94 39 133
51 45 96
79 0 79
98 68 166
70 5 75
4 14 18
56 14 70
98 46 144
19 56 75
68 58 126
39 98 137
62 34 96
56 65 121
44 68 112
55 39 94
16 22 38
55 63 118
90 14 104
92 34 126
28 48 76
59 62 121
65 64 129
35 77 112
3 49 52
85 74 159
37 9 46
85 25 110
80 47 127
13 64 77
77 2 79
30 4 34
25 51 76
19 28 47
88 77 165
84 78 162
53 86 139
32 6 38
89 29 118
93 22 115
80 73 153
30 82 112
66 55 121
99 13 112
72 4 76
92 24 116
38 37 75
49 37 86
59 97 156
4 3 7
13 39 52
24 96 120
77 83 160
81 37 118
70 59 129
53 13 66
23 90 113
48 29 77
60 11 71
79 61 140
87 89 176
17 22 39
43 27 70
24 25 49
23 16 39
5 17 22
44 38 82
22 8 30
40 31 71
95 43 138
4 71 75
76 50 126
90 71 161
18 16 34
18 95 113
10 19 29
87 85 172
68 59 127
33 79 112
80 9 89
32 29 61
88 60 148
20 89 109
66 64 130
86 46 132
35 22 57
74 39 113
90 12 102
60 20 80
20 6 26
83 55 138
40 79 119
79 10 89
63 86 149
37 0 37
99 41 140
28 79 107
49 99 148
71 60 131
69 84 153
99 88 187
71 63 134
37 49 86
14 67 81
6 84 90
88 50 138
15 14 29
37 69 106
51 58 109
91 29 120
78 55 133
96 71 167
10 33 43
83 21 104
38 81 119
26 62 88
53 49 102
35 42 77
93 40 133
40 65 105
57 18 75
16 82 98
45 34 79
68 66 134
23 70 93
94 13 107
82 81 163
91 75 166
37 56 93
12 81 93
70 70 140
75 65 140
51 5 56
57 57 114
76 87 163
58 61 119
13 48 61
33 21 54
26 52 78
82 72 154
94 99 193
7 77 84
88 87 175
67 67 134
32 64 96
69 1 70
66 57 123
10 60 70
83 74 157
53 76 129
78 52 130
30 84 114
73 84 157
40 85 125
11 37 48
68 87 155
20 4 24
48 22 70
85 56 141
17 87 104
65 37 102
35 40 75
88 35 123
82 16 98
29 9 38
51 68 119
20 23 43
31 19 50
49 80 129
36 84 120
85 48 133
89 67 156
56 44 100
78 27 105
7 71 78
37 94 131
19 18 37
23 97 120
83 95 178
62 62 124
75 4 79
12 83 95
65 28 93
7 41 48
96 21 117
2 8 10
91 4 95
86 80 166
4 69 73
98 11 109
88 81 169
29 84 113
19 30 49
49 75 124
92 8 100
89 81 170
89 59 148
24 36 60
82 42 124
55 24 79
83 53 136
18 15 33
77 19 96
19 54 73
15 15 30
84 72 156
13 66 79
86 91 177
47 16 63
57 15 72
38 72 110
49 24 73
72 2 74
41 44 85
77 70 147
97 81 178
89 50 139
19 47 66
52 55 107
47 8 55
81 68 149
56 71 127
86 77 163
23 60 83
90 29 119
73 63 136
70 63 133
28 99 127
64 11 75
80 84 164
65 57 122
32 40 72
22 87 109
67 5 72
25 31 56
3 55 58
78 64 142
73 55 128
42 77 119
28 6 34
60 10 70
76 49 125
63 86 149
3 69 72
49 0 49
92 72 164
22 60 82
32 49 81
12 88 100
86 20 106
3 88 91
80 81 161
0 90 90
31 74 105
42 0 42
85 15 100
23 45 68
35 60 95
6 84 90
63 47 110
7 96 103
70 69 139
70 45 115
66 64 130
73 81 154
52 16 68
45 67 112
44 7 51
45 52 97
84 26 110
46 88 134
16 36 52
63 56 119
4 75 79
38 28 66
64 9 73
23 45 68
68 44 112
70 41 111
2 56 58
15 4 19
33 99 132
66 26 92
71 75 146
39 19 58
53 91 144
96 45 141
38 52 90
98 67 165
90 63 153
43 63 106
33 33 66
13 60 73
48 74 122
66 57 123
0 7 7
17 94 111
61 76 137
50 29 79
19 97 116
71 54 125
57 23 80
6 56 62
5 68 73
53 51 104
40 42 82
14 57 71
4 8 12
61 1 62
88 78 166
14 84 98
17 78 95
67 10 77
57 55 112
32 97 129
85 28 113
44 86 130
3 73 76
27 74 101
65 37 102
32 17 49
80 41 121
78 79 157
42 6 48
25 18 43
96 98 194
62 39 101
54 3 57
75 88 163
38 49 87
70 4 74
4 68 72
70 57 127
60 52 112
98 38 136
93 42 135
25 99 124
50 89 139
2 68 70
93 36 129
13 59 72
23 36 59
72 46 118
94 12 106
17 31 48
34 73 107
32 7 39
98 37 135
76 44 120
10 67 77
94 32 126
43 90 133
24 50 74
1 73 74
25 13 38
49 19 68
19 64 83
61 69 130
82 86 168
89 2 91
13 75 88
64 46 110
18 28 46
19 7 26
84 85 169
51 59 110
5 4 9
20 94 114
84 4 88
17 55 72
26 25 51
80 73 153
88 52 140
74 62 136
81 86 167
31 31 62
36 40 76
83 79 162
73 83 156
27 2 29
70 36 106
25 42 67
60 38 98
33 62 95
9 44 53
33 98 131
84 9 93
77 77 154
74 2 76
26 90 116
20 90 110
18 31 49
16 22 38
2 19 21
86 47 133
20 1 21
5 77 82
60 48 108
3 70 73
94 39 133
67 0 67
88 23 111
64 38 102
12 51 63
51 81 132
82 70 152
61 92 153
97 42 139
64 53 117
99 47 146
48 4 52
51 11 62
67 87 154
5 46 51
80 29 109
30 99 129
17 90 107
16 74 90
21 6 27
3 80 83
83 71 154
24 80 104
75 15 90
45 63 108
53 75 128
77 6 83
60 1 61
25 92 117
45 17 62
25 49 74
87 47 134
1 26 27
53 32 85
65 52 117
30 4 34
42 9 51
83 88 171
62 69 131
52 32 84
40 72 112
87 26 113
49 8 57
84 33 117
25 48 73
2 93 95
5 12 17
78 50 128
15 75 90
74 33 107
21 55 76
42 90 132
98 69 167
36 78 114
74 91 165
44 45 89
37 71 108
1 42 43
61 64 125
12 54 66
47 4 51
21 21 42
36 25 61
29 51 80
31 11 42
37 74 111
40 37 77
44 74 118
20 93 113
62 75 137
70 35 105
33 47 80
51 94 145
3 78 81
84 69 153
32 98 130
78 39 117
71 23 94
44 94 138
95 76 171
34 9 43
19 83 102
50 70 120
51 23 74
89 46 135
22 52 74
36 28 64
55 72 127
63 9 72
22 6 28
22 41 63
68 88 156
4 51 55
77 63 140
10 72 82
77 6 83
85 96 181
14 31 45
33 38 71
21 93 114
15 75 90
83 70 153
48 61 109
99 83 182
22 42 64
87 27 114
8 85 93
25 31 56
59 51 110
80 13 93
37 48 85
22 53 75
64 74 138
46 80 126
87 17 104
60 4 64
47 38 85
72 18 90
67 33 100
10 67 77
8 52 60
79 95 174
38 43 81
29 79 108
43 24 67
68 55 123
27 22 49
32 68 100
57 60 117
3 77 80
54 19 73
37 53 90
66 61 127
79 95 174
47 33 80
37 78 115
38 19 57
94 17 111
2 25 27
37 17 54
94 55 149
15 19 34
76 4 80
54 28 82
13 60 73
60 37 97
46 59 105
6 28 34
57 43 100
27 14 41
51 76 127
41 69 110
84 4 88
32 61 93
58 34 92
35 60 95
3 89 92
11 55 66
62 29 91
90 34 124
46 66 112
78 29 107
10 10 20
40 95 135
30 33 63
90 81 171
10 64 74
73 8 81
42 59 101
12 46 58
88 33 121
34 80 114
99 24 123
48 73 121
19 19 38
2 2 4
97 27 124
70 63 133
72 4 76
80 28 108
66 28 94
84 8 92
55 98 153
81 44 125
35 55 90
15 70 85
36 40 76
45 96 141
24 23 47
49 77 126
23 93 116
10 99 109
66 47 113
4 49 53
62 0 62
31 3 34
35 89 124
74 35 109
15 59 74
11 16 27
47 98 145
52 89 141
41 80 121
36 99 135
58 15 73
24 73 97
85 46 131
1 9 10
98 84 182
41 89 130
9 22 31
65 17 82
51 41 92
68 2 70
0 29 29
19 50 69
38 11 49
15 77 92
51 2 53
32 64 96
52 19 71
82 29 111
78 35 113
48 47 95
16 24 40
53 58 111
43 74 117
13 84 97
8 0 8
33 19 52
14 62 76
71 32 103
17 78 95
68 5 73
40 92 132
88 61 149
0 38 38
62 33 95
43 16 59
45 22 67
6 77 83
24 4 28
19 16 35
14 59 73
9 71 80
50 81 131
77 2 79
2 9 11
6 11 17
40 76 116
13 93 106
42 62 104
65 92 157
13 87 100
0 37 37
92 92 184
87 57 144
50 3 53
48 54 102
81 75 156
51 58 109
53 54 107
29 62 91
29 8 37
94 53 147
49 55 104
71 33 104
48 54 102
27 78 105
98 45 143
90 61 151
36 8 44
91 14 105
32 14 46
38 8 46
62 60 122
16 64 80
45 71 116
12 72 84
3 31 34
5 54 59
50 98 148
93 97 190
56 39 95
53 76 129
4 11 15
17 65 82
70 95 165
50 32 82
89 47 136
97 92 189
97 5 102
33 33 66
64 64 128
35 44 79
63 57 120
68 85 153
59 32 91
87 41 128
34 45 79
12 65 77
74 13 87
27 84 111
98 61 159
4 39 43
81 98 179
69 31 100
96 15 111
22 22 44
26 0 26
91 63 154
65 31 96
2 93 95
2 13 15
90 57 147
0 54 54
73 1 74
29 95 124
57 48 105
45 27 72
46 56 102
28 15 43
25 47 72
88 73 161
10 1 11
27 94 121
56 84 140
84 99 183
82 22 104
61 96 157
60 66 126
10 49 59
52 66 118
68 37 105
6 6 12
57 71 128
92 33 125
7 6 13
28 39 67
79 0 79
59 79 138
74 70 144
40 45 85
0 23 23
43 14 57
11 65 76
83 96 179
36 75 111
3 55 58
49 23 72
15 7 22
27 44 71
18 46 64
37 59 96
46 49 95
78 24 102
88 33 121
83 98 181
74 55 129
88 30 118
83 1 84
45 45 90
34 37 71
44 93 137
57 53 110
85 12 97
75 71 146
38 67 105
41 36 77
38 19 57
83 24 107
37 2 39
18 51 69
81 18 99
7 90 97
40 21 61
35 67 102
19 67 86
86 29 115
3 28 31
12 71 83
49 8 57
63 22 85
48 92 140
61 13 74
79 40 119
73 47 120
54 16 70
89 91 180
40 1 41
69 38 107
36 35 71
20 39 59
55 36 91
91 20 111
99 13 112
16 85 101
23 69 92
8 31 39
61 2 63
21 10 31
41 11 52
9 57 66
94 89 183
73 44 117
44 81 125
43 33 76
33 64 97
16 27 43
51 16 67
39 82 121
12 54 66
56 85 141
93 13 106
63 91 154
74 17 91
77 11 88
28 13 41
5 7 12
94 77 171
65 80 145
43 92 135
91 21 112
27 4 31
54 4 58
22 80 102
1 56 57
73 40 113
9 50 59
97 47 144
0 50 50
28 72 100
6 18 24
22 94 116
1 76 77
71 32 103
74 16 90
55 94 149
59 0 59
8 73 81
46 76 122
9 65 74
95 41 136
95 41 136
59 58 117
73 8 81
62 31 93
11 60 71
2 85 87
61 55 116
21 53 74
24 26 50
18 83 101
39 63 102
33 54 87
17 26 43
87 77 164
50 38 88
77 58 135
76 31 107
54 7 61
75 8 83
50 16 66
99 82 181
16 65 81
57 97 154
13 59 72
18 45 63
23 15 38
81 22 103
66 32 98
78 61 139
50 8 58
30 76 106
13 81 94
76 34 110
95 9 104
27 49 76
67 20 87
39 92 131
22 38 60
25 28 53
53 60 113
98 13 111
49 2 51
74 28 102
3 85 88
98 48 146
5 67 72
44 20 64
28 11 39
28 34 62
55 67 122
48 85 133
70 50 120
21 49 70
29 6 35
87 1 88
23 92 115
61 2 63
29 73 102
54 99 153
43 3 46
66 6 72
28 5 33
75 77 152
61 80 141
6 48 54
66 61 127
76 82 158
7 34 41
21 66 87
23 91 114
85 14 99
81 61 142
0 96 96
23 2 25
31 35 66
62 20 82
0 65 65
56 38 94
24 32 56
22 45 67
19 70 89
34 95 129
49 41 90
3 12 15
84 41 125
92 13 105
42 63 105
68 9 77
87 34 121
82 3 85
56 75 131
7 16 23
18 9 27
78 94 172
23 43 66
42 81 123
38 41 79
76 36 112
35 55 90
23 82 105
73 80 153
21 24 45
91 29 120
30 73 103
52 63 115
84 72 156
22 19 41
45 7 52
98 75 173
98 30 128
45 90 135
49 45 94
22 18 40
76 51 127
69 57 126
6 6 12
50 58 108
9 36 45
8 44 52
24 8 32
27 67 94
2 93 95
23 31 54
5 8 13
98 25 123
25 94 119
41 51 92
77 96 173
91 39 130
14 2 16
88 48 136
53 54 107
67 70 137
96 58 154
59 57 116
88 67 155
35 83 118
69 2 71
57 80 137
51 28 79
24 99 123
45 7 52
13 59 72
74 36 110
7 15 22
99 27 126
13 6 19
21 50 71
66 56 122
93 46 139
43 44 87
11 53 64
6 14 20
2 40 42
64 51 115
19 88 107
38 13 51
6 50 56
81 76 157
28 43 71
83 76 159
92 89 181
96 67 163
31 83 114
51 92 143
96 48 144
63 81 144
42 20 62
1 21 22
8 50 58
81 23 104
93 39 132
29 3 32
42 15 57
69 39 108
75 23 98
44 62 106
10 25 35
93 0 93
48 0 48
5 58 63
78 31 109
3 7 10
4 9 13
74 60 134
33 81 114
76 54 130
28 29 57
34 26 60
5 39 44
20 68 88
74 99 173
10 38 48
75 79 154
35 75 110
35 38 73
61 73 134
3 79 82
68 53 121
86 42 128
23 54 77
20 34 54
67 47 114
45 86 131
29 4 33
97 5 102
66 72 138
91 9 100
27 10 37
79 41 120
33 45 78
57 55 112
36 78 114
89 0 89
90 63 153
55 0 55
10 67 77
5 5 10
78 48 126
32 24 56
39 75 114
52 77 129
40 91 131
55 89 144
59 5 64
39 26 65
58 19 77
56 10 66
64 6 70
14 1 15
26 97 123
10 50 60
37 61 98
37 59 96
46 21 67
75 59 134
72 23 95
53 27 80
14 5 19
1 63 64
3 99 102
6 4 10
21 49 70
26 83 109
83 51 134
95 10 105
45 71 116
79 73 152
33 18 51
51 31 82
65 45 110
69 82 151
10 92 102
79 63 142
66 50 116
18 64 82
91 63 154
4 53 57
93 13 106
3 28 31
3 92 95
4 78 82
76 91 167
58 59 117
63 82 145
46 51 97
79 74 153
66 47 113
57 50 107
20 98 118
68 9 77
56 58 114
88 49 137
81 5 86
17 45 62
99 33 132
15 54 69
74 54 128
36 87 123
11 2 13
62 40 102
50 91 141
13 88 101
5 19 24
54 33 87
64 2 66
32 61 93
75 96 171
10 42 52
43 38 81
35 80 115
27 43 70
98 91 189
40 9 49
91 24 115
1 70 71
98 41 139
83 76 159
20 19 39
92 16 108
52 97 149
64 54 118
65 21 86
55 39 94
10 66 76
32 4 36
74 37 111
34 16 50
66 64 130
19 25 44
93 47 140
2 59 61
53 85 138
32 22 54
64 90 154
68 21 89
44 68 112
47 11 58
83 40 123
99 14 113
12 56 68
4 84 88
65 61 126
46 46 92
72 90 162
51 30 81
72 30 102
49 19 68
51 99 150
32 68 100
0 49 49
76 74 150
6 67 73
64 79 143
0 43 43
45 55 100
27 28 55
95 51 146
78 21 99
85 28 113
80 23 103
63 74 137
59 66 125
50 21 71
12 83 95
9 21 30
80 11 91
85 28 113
95 70 165
28 59 87
99 42 141
18 28 46
61 79 140
45 86 131
84 86 170
79 59 138
46 55 101
1 1 2
4 91 95
57 79 136
43 4 47
53 84 137
92 71 163
8 43 51
94 10 104
82 7 89
18 83 101
85 44 129
43 39 82
72 87 159
46 41 87
48 40 88
79 48 127
59 97 156
96 42 138
6 54 60
47 86 133
1 13 14
85 89 174
87 86 173
9 42 51
49 94 143
82 24 106
73 41 114
24 29 53
70 64 134
57 63 120
2 21 23
32 56 88
87 84 171
66 5 71
83 40 123
89 33 122
52 59 111
49 30 79
10 63 73
74 95 169
35 89 124
82 6 88
66 63 129
56 1 57
97 10 107
0 2 2
63 53 116
17 33 50
90 23 113
71 9 80
31 52 83
20 65 85
1 23 24
88 50 138
68 13 81
58 47 105
2 82 84
20 33 53
83 59 142
43 13 56
37 50 87
26 84 110
25 93 118
8 49 57
3 2 5
6 8 14
22 57 79
6 41 47
92 82 174
76 97 173
24 38 62
50 6 56
53 8 61
5 96 101
61 24 85
49 75 124
66 43 109
86 71 157
40 57 97
88 75 163
49 34 83
36 37 73
68 53 121
74 30 104
81 73 154
91 97 188
31 22 53
82 10 92
59 6 65
18 92 110
21 13 34
40 63 103
81 5 86
3 46 49
85 14 99
22 98 120
41 2 43
87 52 139
63 9 72
75 5 80
75 31 106
24 48 72
86 24 110
5 19 24
48 24 72
59 47 106
42 69 111
40 39 79
73 19 92
3 69 72
97 89 186
9 3 12
69 50 119
70 88 158
8 60 68
88 70 158
27 66 93
47 47 94
96 29 125
62 15 77
29 45 74
65 44 109
98 32 130
84 34 118
40 11 51
51 50 101
87 4 91
9 47 56
76 44 120
68 46 114
65 55 120
77 48 125
19 29 48
87 55 142
15 42 57
42 83 125
90 51 141
74 9 83
75 86 161
97 19 116
33 5 38
50 0 50
35 69 104
47 97 144
94 73 167
12 85 97
81 81 162
46 69 115
35 40 75
62 64 126
87 28 115
24 46 70
72 33 105
27 54 81
63 32 95
15 13 28
17 88 105
13 64 77
48 43 91
46 20 66
77 61 138
9 67 76
69 61 130
36 46 82
35 32 67
86 73 159
60 17 77
84 64 148
58 42 100
23 35 58
41 20 61
57 43 100
85 0 85
5 57 62
81 16 97
91 26 117
33 56 89
90 11 101
50 86 136
74 50 124
87 45 132
17 60 77
77 64 141
67 38 105
85 78 163
94 18 112
85 91 176
1 58 59
39 82 121
96 78 174
75 57 132
19 64 83
78 24 102
63 49 112
68 50 118
11 30 41
2 33 35
45 61 106
70 92 162
6 9 15
61 20 81
96 69 165
91 75 166
80 17 97
62 75 137
0 29 29
44 56 100
74 43 117
54 85 139
68 38 106
45 89 134
59 67 126
54 36 90
34 44 78
69 58 127
61 32 93
46 91 137
58 14 72
93 19 112
4 26 30
49 3 52
96 70 166
49 49 98
71 12 83
95 67 162
99 92 191
86 9 95
97 44 141
54 14 68
12 25 37
99 45 144
95 37 132
16 79 95
98 58 156
35 82 117
77 90 167
58 66 124
55 90 145
0 53 53
53 25 78
37 80 117
48 46 94
62 82 144
93 16 109
58 15 73
17 1 18
52 95 147
90 35 125
24 87 111
63 1 64
89 37 126
69 30 99
64 92 156
78 50 128
15 72 87
40 90 130
53 82 135
89 44 133
70 79 149
89 63 152
26 33 59
66 34 100
22 50 72
24 10 34
58 85 143
20 54 74
31 82 113
1 47 48
2 84 86
50 90 140
81 93 174
61 40 101
6 88 94
47 15 62
4 39 43
72 87 159
99 2 101
58 5 63
43 58 101
92 3 95
63 21 84
42 75 117
45 10 55
27 1 28
82 96 178
79 10 89
66 29 95
59 4 63
11 67 78
26 11 37
72 43 115
85 44 129
84 48 132
85 11 96
93 92 185
66 20 86
10 97 107
47 25 72
74 65 139
49 80 129
54 2 56
97 72 169
20 44 64
64 76 140
89 93 182
98 18 116
37 14 51
90 94 184
3 42 45
57 87 144
33 12 45
13 39 52
60 67 127
54 27 81
49 56 105
18 68 86
80 0 80
62 8 70
95 83 178
13 90 103
74 11 85
49 4 53
40 80 120
95 87 182
78 36 114
43 16 59
10 0 10
52 15 67
5 25 30
25 11 36
45 44 89
11 64 75
27 55 82
60 8 68
86 26 112
25 82 107
54 98 152
63 17 80
3 90 93
16 5 21
17 76 93
13 75 88
56 24 80
68 51 119
99 98 197
29 44 73
86 64 150
67 71 138
87 97 184
18 31 49
14 72 86
94 65 159
79 57 136
21 59 80
46 62 108
86 26 112
12 58 70
71 6 77
90 72 162
1 26 27
70 79 149
71 29 100
72 95 167
92 28 120
36 58 94
97 34 131
60 81 141
83 46 129
62 61 123
62 3 65
50 25 75
43 65 108
6 70 76
23 15 38
29 4 33
28 15 43
30 44 74
69 83 152
5 88 93
38 93 131
0 77 77
35 78 113
52 50 102
89 64 153
10 22 32
23 66 89
53 21 74
38 18 56
12 54 66
10 70 80
66 49 115
84 49 133
42 13 55
79 25 104
97 6 103
78 35 113
9 37 46
10 41 51
51 39 90
65 15 80
83 77 160
73 55 128
3 90 93
26 64 90
7 24 31
4 27 31
13 97 110
54 84 138
84 74 158
6 22 28
4 96 100
67 49 116
79 25 104
92 54 146
56 2 58
32 19 51
92 62 154
18 15 33
55 19 74
91 35 126
47 24 71
9 60 69
8 61 69
91 91 182
24 52 76
91 39 130
11 77 88
64 59 123
21 64 85
17 74 91
81 98 179
63 20 83
20 76 96
42 72 114
70 63 133
46 93 139
61 46 107
44 20 64
12 13 25
77 7 84
77 37 114
21 29 50
63 6 69
13 7 20
97 0 97
10 71 81
62 10 72
19 32 51
62 56 118
58 16 74
42 38 80
52 49 101
29 94 123
44 93 137
37 55 92
45 15 60
27 70 97
77 91 168
10 24 34
92 38 130
67 43 110
25 1 26
46 79 125
31 2 33
37 94 131
34 26 60
57 73 130
73 47 120
36 90 126
44 39 83
91 39 130
80 34 114
66 59 125
13 16 29
35 10 45
44 80 124
17 29 46
58 44 102
44 13 57
51 6 57
35 3 38
76 9 85
87 93 180
10 82 92
70 22 92
28 50 78
38 12 50
84 87 171
73 31 104
33 86 119
23 7 30
6 44 50
47 33 80
66 77 143
11 81 92
11 74 85
92 68 160
53 47 100
89 25 114
47 36 83
79 70 149
90 11 101
17 84 101
32 31 63
5 23 28
5 5 10
47 59 106
14 20 34
8 84 92
28 29 57
99 97 196
13 81 94
44 71 115
32 3 35
57 6 63
48 45 93
13 91 104
51 13 64
83 67 150
0 31 31
34 26 60
37 71 108
89 42 131
4 19 23
73 99 172
41 97 138
61 73 134
39 7 46
72 65 137
71 12 83
96 5 101
39 72 111
30 79 109
12 78 90
10 1 11
15 47 62
57 20 77
67 20 87
6 3 9
85 93 178
6 75 81
52 91 143
4 51 55
5 75 80
2 44 46
73 11 84
46 90 136
80 31 111
51 74 125
85 61 146
62 10 72
22 25 47
48 47 95
0 46 46
42 55 97
81 42 123
62 54 116
71 19 90
28 57 85
8 9 17
65 4 69
35 49 84
84 54 138
91 29 120
1 11 12
39 27 66
56 48 104
56 29 85
55 35 90
35 79 114
31 51 82
13 67 80
68 64 132
50 82 132
27 25 52
83 3 86
60 2 62
44 90 134
33 59 92
57 17 74
24 65 89
68 69 137
39 74 113
15 24 39
51 29 80
36 65 101
49 22 71
30 43 73
84 80 164
91 83 174
58 98 156
2 45 47
26 17 43
74 31 105
33 90 123
68 50 118
27 83 110
98 1 99
87 20 107
96 38 134
25 96 121
9 32 41
58 42 100
35 32 67
67 55 122
22 41 63
73 84 157
26 81 107
90 52 142
61 41 102
62 83 145
40 37 77
53 34 87
92 8 100
23 6 29
40 21 61
15 31 46
72 58 130
20 1 21
7 30 37
44 43 87
31 11 42
25 42 67
71 89 160
36 6 42
52 94 146
30 42 72
79 91 170
52 7 59
8 84 92
93 52 145
21 82 103
72 83 155
48 80 128
39 61 100
68 97 165
21 86 107
93 25 118
53 95 148
25 27 52
98 75 173
11 9 20
8 89 97
79 20 99
63 37 100
79 43 122
27 3 30
9 79 88
67 36 103
63 91 154
92 88 180
12 74 86
84 82 166
20 47 67
60 45 105
33 22 55
11 8 19
92 41 133
83 35 118
17 6 23
6 31 37
48 8 56
51 15 66
55 36 91
15 28 43
84 6 90
99 36 135
62 54 116
1 16 17
84 83 167
26 53 79
19 88 107
37 75 112
84 30 114
10 7 17
67 91 158
32 33 65
45 39 84
62 55 117
32 21 53
52 22 74
70 20 90
56 55 111
49 18 67
85 63 148
18 30 48
23 68 91
49 65 114
69 98 167
17 59 76
97 49 146
66 56 122
54 95 149
51 30 81
79 37 116
67 40 107
17 75 92
40 22 62
73 32 105
89 65 154
25 0 25
10 3 13
69 66 135
39 5 44
11 98 109
24 0 24
76 57 133
77 54 131
67 94 161
26 94 120
12 59 71
80 28 108
65 43 108
77 11 88
75 1 76
47 35 82
73 73 146
74 14 88
69 23 92
50 78 128
84 74 158
23 33 56
78 98 176
31 49 80
85 25 110
94 28 122
22 53 75
87 16 103
35 22 57
37 58 95
71 49 120
53 80 133
86 53 139
40 78 118
39 93 132
76 8 84
66 38 104
58 42 100
69 10 79
11 42 53
43 85 128
82 76 158
57 35 92
31 31 62
71 71 142
94 67 161
66 65 131
76 77 153
65 14 79
53 49 102
50 71 121
35 39 74
69 82 151
32 41 73
33 3 36
72 69 141
33 10 43
26 96 122
50 27 77
62 47 109
61 55 116
3 47 50
85 93 178
7 16 23
90 49 139
35 86 121
38 28 66
70 0 70
49 16 65
48 7 55
26 65 91
97 10 107
55 26 81
30 22 52
88 92 180
45 55 100
65 5 70
31 3 34
94 68 162
77 36 113
94 38 132
50 11 61
45 93 138
6 23 29
25 1 26
26 99 125
40 75 115
85 4 89
87 95 182
57 93 150
24 37 61
87 39 126
52 98 150
36 16 52
79 32 111
30 45 75
98 89 187
48 80 128
21 36 57
96 92 188
31 72 103
75 12 87
38 12 50
45 53 98
76 52 128
80 85 165
13 90 103
51 60 111
3 99 102
6 53 59
52 73 125
81 7 88
28 21 49
22 56 78
35 46 81
62 85 147
32 40 72
60 35 95
34 8 42
69 82 151
60 40 100
74 43 117
4 63 67
39 47 86
6 48 54
46 79 125
65 44 109
15 91 106
71 96 167
24 85 109
53 71 124
82 44 126
92 70 162
64 32 96
43 22 65
25 65 90
2 23 25
48 27 75
30 90 120
21 10 31
5 11 16
60 37 97
70 95 165
40 4 44
74 68 142
24 12 36
76 39 115
41 49 90
34 11 45
6 74 80
75 49 124
44 75 119
8 80 88
98 91 189
48 9 57
42 23 65
59 35 94
5 10 15
21 77 98
85 92 177
54 19 73
25 49 74
31 18 49
78 68 146
69 28 97
20 24 44
30 60 90
97 88 185
90 12 102
36 24 60
1 14 15
32 57 89
25 84 109
67 87 154
61 74 135
58 30 88
9 80 89
64 72 136
65 2 67
53 49 102
51 90 141
76 41 117
68 91 159
2 81 83
81 38 119
56 36 92
42 90 132
25 34 59
36 71 107
40 4 44
72 64 136
63 96 159
0 22 22
47 60 107
56 52 108
43 88 131
75 70 145
71 81 152
41 86 127
7 27 34
18 42 60
66 74 140
0 95 95
19 68 87
42 89 131
78 46 124
59 63 122
8 10 18
48 38 86
73 42 115
81 75 156
22 66 88
10 82 92
18 24 42
8 55 63
25 81 106
64 32 96
41 65 106
81 70 151
53 14 67
83 79 162
43 4 47
56 94 150
33 30 63
39 72 111
39 56 95
13 96 109
67 82 149
7 48 55
96 46 142
76 27 103
31 15 46
9 99 108
94 53 147
37 39 76
28 78 106
19 96 115
15 81 96
0 25 25
56 59 115
48 0 48
75 45 120
98 64 162
12 99 111
93 75 168
46 2 48
66 63 129
57 67 124
57 28 85
54 57 111
60 63 123
62 57 119
36 49 85
7 48 55
87 43 130
55 79 134
32 31 63
62 34 96
52 13 65
11 47 58
87 44 131
96 88 184
50 54 104
96 32 128
0 27 27
63 10 73
99 36 135
46 18 64
56 70 126
37 5 42
15 10 25
52 74 126
31 48 79
74 7 81
74 17 91
72 99 171
55 10 65
2 2 4
62 92 154
20 40 60
81 55 136
36 35 71
2 58 60
55 82 137
50 41 91
25 27 52
10 38 48
73 83 156
49 25 74
95 17 112
47 1 48
3 84 87
8 62 70
23 47 70
29 81 110
46 83 129
6 21 27
58 63 121
62 34 96
96 24 120
10 40 50
39 16 55
86 3 89
59 4 63
35 47 82
86 80 166
87 87 174
51 31 82
94 62 156
98 13 111
34 19 53
42 80 122
82 96 178
98 39 137
62 39 101
45 97 142
72 7 79
57 59 116
97 20 117
0 16 16
93 47 140
42 22 64
93 26 119
21 66 87
76 98 174
30 35 65
95 67 162
50 9 59
59 23 82
63 32 95
34 0 34
14 92 106
24 71 95
38 58 96
11 98 109
56 15 71
46 29 75
85 77 162
93 98 191
75 51 126
25 98 123
85 76 161
21 4 25
50 82 132
55 83 138
7 36 43
4 19 23
50 91 141
92 79 171
5 85 90
11 98 109
19 20 39
4 77 81
59 75 134
39 4 43
25 45 70
91 78 169
74 29 103
77 11 88
75 15 90
48 46 94
47 33 80
91 98 189
48 50 98
63 21 84
78 93 171
88 84 172
5 68 73
92 63 155
41 30 71
80 54 134
58 65 123
80 43 123
2 13 15
46 41 87
45 84 129
22 27 49
63 59 122
26 42 68
35 96 131
8 25 33
19 13 32
8 88 96
38 42 80
87 46 133
61 91 152
62 13 75
94 88 182
8 90 98
2 38 40
42 78 120
8 12 20
24 16 40
92 63 155
92 98 190
57 35 92
14 9 23
10 7 17
69 27 96
66 40 106
3 92 95
12 20 32
18 83 101
71 68 139
50 32 82
51 97 148
74 49 123
3 7 10
38 42 80
28 44 72
7 78 85
74 61 135
97 22 119
73 66 139
10 69 79
17 14 31
48 18 66
15 15 30
3 4 7
89 75 164
7 39 46
79 71 150
44 25 69
34 67 101
12 34 46
71 74 145
68 15 83
81 49 130
33 41 74
51 49 100
69 54 123
49 7 56
40 17 57
86 50 136
92 52 144
63 82 145
90 62 152
69 72 141
52 30 82
36 88 124
20 77 97
90 81 171
61 27 88
59 27 86
32 46 78
12 65 77
9 44 53
49 98 147
54 85 139
11 85 96
49 44 93
45 93 138
47 52 99
99 59 158
16 98 114
4 89 93
71 60 131
66 33 99
21 48 69
63 63 126
14 43 57
28 63 91
2 43 45
43 15 58
66 1 67
60 7 67
56 67 123
39 81 120
77 31 108
17 96 113
17 81 98
7 19 26
12 61 73
14 97 111
59 4 63
40 21 61
96 1 97
54 53 107
25 99 124
29 69 98
26 5 31
85 3 88
17 99 116
0 11 11
87 25 112
36 38 74
39 54 93
62 97 159
67 36 103
12 99 111
7 12 19
84 86 170
50 14 64
2 72 74
71 17 88
11 35 46
47 0 47
45 80 125
72 66 138
79 26 105
16 35 51
0 99 99
38 28 66
86 44 130
27 37 64
26 8 34
36 23 59
40 90 130
95 54 149
9 19 28
67 99 166
91 97 188
14 8 22
43 35 78
88 14 102
21 66 87
55 16 71
63 93 156
32 32 64
11 10 21
83 14 97
3 73 76
61 20 81
93 94 187
98 53 151
78 97 175
57 1 58
15 63 78
17 87 104
6 11 17
19 96 115
22 86 108
76 75 151
94 28 122
51 94 145
77 93 170
8 16 24
12 4 16
29 79 108
60 22 82
27 51 78
28 53 81
69 9 78
41 5 46
83 28 111
98 84 182
34 14 48
91 9 100
62 18 80
4 92 96
4 29 33
27 10 37
84 62 146
42 84 126
55 66 121
12 42 54
15 54 69
77 47 124
26 82 108
72 35 107
69 52 121
31 41 72
22 39 61
65 75 140
17 48 65
91 13 104
57 49 106
21 86 107
68 53 121
83 22 105
96 49 145
53 83 136
87 50 137
48 36 84
45 52 97
73 69 142
57 89 146
16 58 74
88 33 121
93 95 188
50 83 133
18 76 94
38 56 94
97 41 138
49 15 64
74 30 104
13 9 22
19 16 35
21 74 95
98 54 152
19 30 49
19 73 92
92 37 129
35 0 35
20 81 101
74 0 74
14 36 50
43 30 73
8 33 41
88 53 141
2 69 71
85 8 93
50 73 123
90 88 178
23 99 122
79 92 171
20 29 49
40 66 106
32 21 53
29 11 40
23 84 107
94 42 136
16 87 103
94 90 184
35 35 70
37 60 97
30 46 76
5 81 86
68 78 146
40 68 108
37 25 62
37 14 51
9 58 67
65 63 128
61 58 119
69 91 160
35 48 83
42 6 48
45 21 66
54 22 76
93 72 165
99 70 169
33 70 103
4 99 103
83 43 126
82 80 162
6 96 102
83 73 156
50 68 118
34 51 85
33 12 45
94 36 130
5 63 68
64 2 66
13 12 25
74 96 170
67 99 166
2 72 74
51 87 138
30 58 88
71 83 154
37 16 53
70 12 82
43 46 89
38 6 44
65 38 103
12 50 62
40 23 63
6 64 70
63 80 143
68 46 114
13 18 31
23 44 67
88 43 131
80 69 149
48 32 80
38 40 78
66 52 118
15 56 71
38 37 75
2 58 60
64 38 102
75 82 157
59 75 134
73 28 101
4 75 79
44 61 105
35 46 81
86 74 160
8 20 28
19 41 60
48 3 51
99 26 125
49 87 136
41 55 96
19 56 75
78 36 114
5 24 29
51 85 136
63 45 108
8 10 18
25 95 120
74 72 146
92 99 191
63 75 138
8 27 35
3 53 56
25 10 35
53 95 148
58 6 64
72 77 149
97 61 158
63 75 138
12 44 56
78 5 83
25 67 92
92 95 187
28 65 93
23 18 41
56 67 123
70 20 90
97 37 134
59 16 75
34 9 43
32 96 128
85 51 136
65 36 101
63 58 121
64 50 114
81 9 90
64 3 67
48 41 89
45 87 132
58 13 71
9 30 39
38 12 50
79 60 139
25 92 117
11 90 101
6 23 29
71 69 140
50 2 52
8 7 15
11 4 15
69 4 73
8 28 36
11 31 42
8 29 37
86 99 185
84 22 106
33 57 90
94 7 101
96 56 152
69 89 158
79 81 160
69 80 149
78 47 125
10 62 72
87 26 113
14 40 54
72 18 90
9 16 25
27 6 33
80 92 172
39 49 88
10 18 28
9 95 104
64 80 144
26 87 113
22 77 99
24 95 119
94 42 136
82 10 92
11 38 49
87 29 116
67 84 151
19 35 54
0 21 21
53 43 96
87 54 141
94 81 175
69 60 129
28 20 48
26 3 29
93 70 163
4 18 22
38 94 132
72 28 100
54 42 96
50 5 55
45 55 100
75 48 123
79 41 120
17 53 70
68 78 146
82 26 108
60 26 86
30 63 93
91 11 102
5 94 99
68 10 78
66 44 110
78 84 162
41 42 83
66 26 92
55 13 68
81 86 167
24 87 111
76 41 117
87 25 112
80 50 130
93 51 144
31 68 99
6 20 26
7 46 53
2 87 89
71 42 113
40 1 41
28 77 105
14 16 30
10 47 57
17 25 42
91 91 182
83 46 129
22 29 51
98 2 100
36 30 66
92 78 170
43 89 132
96 74 170
57 6 63
3 29 32
12 33 45
55 53 108
44 40 84
18 95 113
56 70 126
56 57 113
35 76 111
24 48 72
28 55 83
84 10 94
21 46 67
63 32 95
56 65 121
20 78 98
28 96 124
89 3 92
57 18 75
71 43 114
55 70 125
91 27 118
11 25 36
4 98 102
89 25 114
41 64 105
1 50 51
32 13 45
33 83 116
75 61 136
29 84 113
49 35 84
42 79 121
88 45 133
51 45 96
39 40 79
18 99 117
1 26 27
49 62 111
21 80 101
36 19 55
76 66 142
18 22 40
21 25 46
16 14 30
96 61 157
29 12 41
91 87 178
74 64 138
80 61 141
76 77 153
9 72 81
13 38 51
36 32 68
26 1 27
61 95 156
59 58 117
19 38 57
86 32 118
46 21 67
37 22 59
41 87 128
79 70 149
41 73 114
60 42 102
67 54 121
39 16 55
23 93 116
50 89 139
41 58 99
7 86 93
68 48 116
89 17 106
25 96 121
42 87 129
15 59 74
53 14 67
48 39 87
47 6 53
70 67 137
34 97 131
1 16 17
60 59 119
12 40 52
87 25 112
25 88 113
86 59 145
51 63 114
3 21 24
70 99 169
77 45 122
49 36 85
6 43 49
39 29 68
44 85 129
44 16 60
78 64 142
55 31 86
37 56 93
15 95 110
3 29 32
63 75 138
39 75 114
3 68 71
58 57 115
31 17 48
45 11 56
95 44 139
52 70 122
97 92 189
77 46 123
19 41 60
47 13 60
64 20 84
85 57 142
4 32 36
56 71 127
53 38 91
59 95 154
1 33 34
30 10 40
47 55 102
39 19 58
6 90 96
73 11 84
44 4 48
0 45 45
76 71 147
11 71 82
64 62 126
36 87 123
63 34 97
19 30 49
21 26 47
72 89 161
56 68 124
85 3 88
10 27 37
57 92 149
39 61 100
9 52 61
6 59 65
98 89 187
83 35 118
73 70 143
86 89 175
66 21 87
64 75 139
75 55 130
46 23 69
19 96 115
14 36 50
23 93 116
93 25 118
73 41 114
43 42 85
97 94 191
97 51 148
24 44 68
13 26 39
22 77 99
86 63 149
76 60 136
17 62 79
43 99 142
22 52 74
8 46 54
18 69 87
58 99 157
94 56 150
80 91 171
29 93 122
10 18 28
79 55 134
25 79 104
97 51 148
8 97 105
23 5 28
24 93 117
44 3 47
19 57 76
4 63 67
68 19 87
99 83 182
79 47 126
96 80 176
20 18 38
39 1 40
13 69 82
58 98 156
32 58 90
5 12 17
79 42 121
75 48 123
45 35 80
14 10 24
6 0 6
7 25 32
90 3 93
26 75 101
71 78 149
95 1 96
5 96 101
67 69 136
50 33 83
48 23 71
61 49 110
37 89 126
98 31 129
61 65 126
72 1 73
88 58 146
27 5 32
81 76 157
26 80 106
5 82 87
95 52 147
57 89 146
81 51 132
67 65 132
47 94 141
65 80 145
80 22 102
86 27 113
10 65 75
25 55 80
18 20 38
30 1 31
88 43 131
39 83 122
69 8 77
84 66 150
83 82 165
97 54 151
5 30 35
74 85 159
19 22 41
70 39 109
85 25 110
30 95 125
15 65 80
86 8 94
4 94 98
18 96 114
68 90 158
61 92 153
27 26 53
19 93 112
40 80 120
69 7 76
75 91 166
91 90 181
80 10 90
69 20 89
65 1 66
15 88 103
40 17 57
87 71 158
97 35 132
55 41 96
43 9 52
22 0 22
91 16 107
29 64 93
89 40 129
41 66 107
51 2 53
41 2 43
12 27 39
27 40 67
25 96 121
84 34 118
84 56 140
86 40 126
4 29 33
38 93 131
8 52 60
55 10 65
61 86 147
65 32 97
7 58 65
40 68 108
85 28 113
17 66 83
85 18 103
46 31 77
71 60 131
26 81 107
41 22 63
52 94 146
81 89 170
55 68 123
3 20 23
71 35 106
48 24 72
95 31 126
83 77 160
69 57 126
8 55 63
52 79 131
92 37 129
31 24 55
19 9 28
83 90 173
47 50 97
16 38 54
38 25 63
99 94 193
7 16 23
47 56 103
65 2 67
94 38 132
82 77 159
49 63 112
90 43 133
49 89 138
22 22 44
58 55 113
88 86 174
89 51 140
82 39 121
79 83 162
52 29 81
72 5 77
13 50 63
54 70 124
32 21 53
98 42 140
34 86 120
65 41 106
96 60 156
88 79 167
49 64 113
65 33 98
89 30 119
30 78 108
85 50 135
40 29 69
5 91 96
3 3 6
48 42 90
50 54 104
62 46 108
19 80 99
66 96 162
83 67 150
80 99 179
9 6 15
23 68 91
55 30 85
88 64 152
77 27 104
1 29 30
15 25 40
64 11 75
7 2 9
9 33 42
36 59 95
15 25 40
7 50 57
50 64 114
46 98 144
66 0 66
33 39 72
83 93 176
23 38 61
41 63 104
46 76 122
79 90 169
73 37 110
78 75 153
66 59 125
86 66 152
86 32 118
3 90 93
26 27 53
20 52 72
2 28 30
15 52 67
18 28 46
98 58 156
53 86 139
12 98 110
41 19 60
5 97 102
26 6 32
46 85 131
11 9 20
62 69 131
33 68 101
88 22 110
4 80 84
46 55 101
3 56 59
81 0 81
53 81 134
82 28 110
35 80 115
90 11 101
22 51 73
49 80 129
16 29 45
78 5 83
90 45 135
36 80 116
26 90 116
50 16 66
56 59 115
94 97 191
27 47 74
89 58 147
22 22 44
61 98 159
89 98 187
53 22 75
45 11 56
3 40 43
69 77 146
92 95 187
35 69 104
16 1 17
86 29 115
79 35 114
68 83 151
65 72 137
53 26 79
32 51 83
50 77 127
98 43 141
75 84 159
19 44 63
89 55 144
17 79 96
45 52 97
78 38 116
95 39 134
10 88 98
64 81 145
58 26 84
66 47 113
41 42 83
2 26 28
65 0 65
91 22 113
81 71 152
99 64 163
34 59 93
32 41 73
39 42 81
66 87 153
46 99 145
33 94 127
53 18 71
25 61 86
31 70 101
76 31 107
67 41 108
7 46 53
37 40 77
66 95 161
17 85 102
15 95 110
6 62 68
39 16 55
4 85 89
30 21 51
21 51 72
46 42 88
97 54 151
17 92 109
11 74 85
51 61 112
98 63 161
17 72 89
69 50 119
30 15 45
53 36 89
97 13 110
95 4 99
33 52 85
74 34 108
85 81 166
58 28 86
58 61 119
99 71 170
88 96 184
78 38 116
4 49 53
85 14 99
59 39 98
94 66 160
71 77 148
19 93 112
38 3 41
1 22 23
33 67 100
96 67 163
31 34 65
48 96 144
86 7 93
40 87 127
56 81 137
2 34 36
25 69 94
93 1 94
73 7 80
54 28 82
86 95 181
85 19 104
32 95 127
51 30 81
66 32 98
62 78 140
83 80 163
35 92 127
42 26 68
33 39 72
67 95 162
52 53 105
93 94 187
46 89 135
5 96 101
27 50 77
49 14 63
13 31 44
28 52 80
77 55 132
63 7 70
60 23 83
16 19 35
27 20 47
20 84 104
2 89 91
15 62 77
63 64 127
15 62 77
75 78 153
45 78 123
92 45 137
99 56 155
48 29 77
70 73 143
79 38 117
0 9 9
57 91 148
53 82 135
74 65 139
4 22 26
35 47 82
78 11 89
61 23 84
43 65 108
37 87 124
65 75 140
6 37 43
58 86 144
66 28 94
8 95 103
44 4 48
79 64 143
76 81 157
95 35 130
78 52 130
61 7 68
41 86 127
7 23 30
95 36 131
30 84 114
9 35 44
64 76 140
34 61 95
27 20 47
48 13 61
67 77 144
15 59 74
35 99 134
10 35 45
85 30 115
52 21 73
29 52 81
82 35 117
9 69 78
90 69 159
8 51 59
33 87 120
71 46 117
25 80 105
83 77 160
45 2 47
82 75 157
11 82 93
21 75 96
21 54 75
15 76 91
77 53 130
89 89 178
84 47 131
84 22 106
4 82 86
66 58 124
10 10 20
56 74 130
78 12 90
27 37 64
80 60 140
96 64 160
93 15 108
75 28 103
23 86 109
73 19 92
65 68 133
42 23 65
48 65 113
83 31 114
31 30 61
31 47 78
75 88 163
4 0 4
44 91 135
59 22 81
40 28 68
67 69 136
94 75 169
15 94 109
61 5 66
14 17 31
54 54 108
85 3 88
36 8 44
46 58 104
74 87 161
46 54 100
79 73 152
80 60 140
36 1 37
35 47 82
85 75 160
44 80 124
81 73 154
18 11 29
82 54 136
42 4 46
62 10 72
17 78 95
93 93 186
6 25 31
50 2 52
77 71 148
83 37 120
92 44 136
16 15 31
23 13 36
58 43 101
11 24 35
29 10 39
4 7 11
31 12 43
46 29 75
22 29 51
35 60 95
30 86 116
40 89 129
37 49 86
11 75 86
53 80 133
0 95 95
1 54 55
17 49 66
73 76 149
16 67 83
77 58 135
9 37 46
54 88 142
5 7 12
9 38 47
78 69 147
71 40 111
61 63 124
73 23 96
44 47 91
8 42 50
61 84 145
48 4 52
41 20 61
78 74 152
55 79 134
7 29 36
91 85 176
49 73 122
64 18 82
22 22 44
23 79 102
8 3 11
42 52 94
34 24 58
70 97 167
40 10 50
33 26 59
52 63 115
18 46 64
21 0 21
4 92 96
13 18 31
42 84 126
70 20 90
22 15 37
30 9 39
16 73 89
4 23 27
98 56 154
64 27 91
79 64 143
4 21 25
7 69 76
40 17 57
83 50 133
18 48 66
83 80 163
4 90 94
69 66 135
61 19 80
38 49 87
35 72 107
43 11 54
6 21 27
45 25 70
88 63 151
58 84 142
23 81 104
11 41 52
95 14 109
53 44 97
61 59 120
73 22 95
49 11 60
44 37 81
89 43 132
5 31 36
99 40 139
25 32 57
15 20 35
92 92 184
91 45 136
55 73 128
61 26 87
48 93 141
0 24 24
98 55 153
52 88 140
42 56 98
93 21 114
78 29 107
88 27 115
83 46 129
63 57 120
29 73 102
18 50 68
63 53 116
51 85 136
62 61 123
95 10 105
18 86 104
87 87 174
49 62 111
3 55 58
44 1 45
26 73 99
50 58 108
40 5 45
46 77 123
62 22 84
87 47 134
87 34 121
34 48 82
54 52 106
28 76 104
70 37 107
1 18 19
5 96 101
19 66 85
41 21 62
37 30 67
62 74 136
83 41 124
27 13 40
72 64 136
76 79 155
59 67 126
8 22 30
87 24 111
2 64 66
56 3 59
43 0 43
54 13 67
34 49 83
31 73 104
25 76 101
98 8 106
48 27 75
73 84 157
93 98 191
38 48 86
80 85 165
32 13 45
99 48 147
66 31 97
64 3 67
38 90 128
56 17 73
10 70 80
34 70 104
92 68 160
57 51 108
68 37 105
95 6 101
35 1 36
16 61 77
59 47 106
8 66 74
14 8 22
51 12 63
53 52 105
74 62 136
84 24 108
98 70 168
66 90 156
4 59 63
82 27 109
23 86 109
20 88 108
19 52 71
90 6 96
41 19 60
38 14 52
46 37 83
52 49 101
87 17 104
15 33 48
48 84 132
23 49 72
20 54 74
53 82 135
15 91 106
19 74 93
31 20 51
71 66 137
18 80 98
66 85 151
31 75 106
89 87 176
97 54 151
85 21 106
47 82 129
23 44 67
46 62 108
30 77 107
38 85 123
60 13 73
33 32 65
43 11 54
35 64 99
63 24 87
49 85 134
71 48 119
93 37 130
67 40 107
7 57 64
47 33 80
39 22 61
18 0 18
78 85 163
54 78 132
87 90 177
44 35 79
32 2 34
61 91 152
72 52 124
87 12 99
68 60 128
95 69 164
84 1 85
24 41 65
39 21 60
77 89 166
14 20 34
3 80 83
70 97 167
63 6 69
37 7 44
1 89 90
47 75 122
54 63 117
96 52 148
87 11 98
70 59 129
92 61 153
81 91 172
26 31 57
42 35 77
26 42 68
82 54 136
27 95 122
47 55 102
87 96 183
92 13 105
51 17 68
69 72 141
34 5 39
54 34 88
68 0 68
81 42 123
48 44 92
63 60 123
59 63 122
97 8 105
18 52 70
65 45 110
10 98 108
62 46 108
26 53 79
87 72 159
67 75 142
36 59 95
81 61 142
10 49 59
83 73 156
30 15 45
12 89 101
12 20 32
17 58 75
92 52 144
1 30 31
80 18 98
94 82 176
64 36 100
11 19 30
1 31 32
10 92 102
28 90 118
39 60 99
10 94 104
69 85 154
36 72 108
86 25 111
71 11 82
35 91 126
61 51 112
10 68 78
3 6 9
56 10 66
98 98 196
19 33 52
7 37 44
41 94 135
91 25 116
53 18 71
86 23 109
27 92 119
73 92 165
3 22 25
30 75 105
73 15 88
23 11 34
42 82 124
93 72 165
32 65 97
73 24 97
88 20 108
82 8 90
17 4 21
90 59 149
48 68 116
18 59 77
74 94 168
83 77 160
81 76 157
36 40 76
85 49 134
51 75 126
52 83 135
38 51 89
87 83 170
44 67 111
95 50 145
4 49 53
44 43 87
99 99 198
85 96 181
20 37 57
52 31 83
46 94 140
65 58 123
66 42 108
68 26 94
20 97 117
4 60 64
43 28 71
1 95 96
67 7 74
74 93 167
7 10 17
48 33 81
46 78 124
35 34 69
18 86 104
68 68 136
2 43 45
8 30 38
60 80 140
0 97 97
76 68 144
2 13 15
41 99 140
81 64 145
34 23 57
54 37 91
8 45 53
48 12 60
62 98 160
66 63 129
68 70 138
1 64 65
91 20 111
86 76 162
22 64 86
42 41 83
2 99 101
66 98 164
39 78 117
70 26 96
34 18 52
98 31 129
51 77 128
83 34 117
40 79 119
87 11 98
63 99 162
43 80 123
53 61 114
52 98 150
18 27 45
17 93 110
57 5 62
25 89 114
11 18 29
6 7 13
12 57 69
24 8 32
3 11 14
7 44 51
29 40 69
96 3 99
65 97 162
39 73 112
60 86 146
66 40 106
96 20 116
63 2 65
68 85 153
36 25 61
54 35 89
95 80 175
32 12 44
37 98 135
5 2 7
64 22 86
17 10 27
22 38 60
81 53 134
15 63 78
1 4 5
24 12 36
88 59 147
54 7 61
70 46 116
54 66 120
20 43 63
55 49 104
95 29 124
89 81 170
32 72 104
51 25 76
46 85 131
71 40 111
98 85 183
74 90 164
60 63 123
5 85 90
69 75 144
2 64 66
52 0 52
18 85 103
7 62 69
86 20 106
37 8 45
21 49 70
38 59 97
6 83 89
92 95 187
47 99 146
67 97 164
17 79 96
95 48 143
13 0 13
97 53 150
75 79 154
32 65 97
66 79 145
73 51 124
43 71 114
82 47 129
75 58 133
93 0 93
9 69 78
72 95 167
51 15 66
32 40 72
44 69 113
57 15 72
78 69 147
42 54 96
88 96 184
36 47 83
45 14 59
5 20 25
61 93 154
23 15 38
77 52 129
38 63 101
74 34 108
62 85 147
91 73 164
57 66 123
43 96 139
90 71 161
87 18 105
52 42 94
5 28 33
91 64 155
94 70 164
25 53 78
10 6 16
73 76 149
7 4 11
42 88 130
40 7 47
31 93 124
41 16 57
10 39 49
24 22 46
55 86 141
60 18 78
10 90 100
31 20 51
44 92 136
83 32 115
39 60 99
82 62 144
1 78 79
75 44 119
13 65 78
22 66 88
38 3 41
93 13 106
54 78 132
35 62 97
28 88 116
92 56 148
98 60 158
9 86 95
1 32 33
60 64 124
75 24 99
33 53 86
46 45 91
15 97 112
22 90 112
18 88 106
13 50 63
71 99 170
95 15 110
5 12 17
95 19 114
94 67 161
40 24 64
40 41 81
5 15 20
13 16 29
54 65 119
77 2 79
7 77 84
87 22 109
8 97 105
24 33 57
33 6 39
84 77 161
71 9 80
97 98 195
76 60 136
66 92 158
42 61 103
76 57 133
91 88 179
33 16 49
29 22 51
82 96 178
4 38 42
22 66 88
62 61 123
42 56 98
41 16 57
29 74 103
49 60 109
27 66 93
93 46 139
63 60 123
92 79 171
46 46 92
60 22 82
95 95 190
75 77 152
78 27 105
25 12 37
78 71 149
53 18 71
35 81 116
32 6 38
17 95 112
65 16 81
79 6 85
21 41 62
7 60 67
34 69 103
25 88 113
15 24 39
62 67 129
36 77 113
91 21 112
90 51 141
3 58 61
82 72 154
7 82 89
31 47 78
12 32 44
23 87 110
77 57 134
30 95 125
52 66 118
19 43 62
14 41 55
62 82 144
39 40 79
79 21 100
57 84 141
79 5 84
23 70 93
78 23 101
62 12 74
20 76 96
78 37 115
65 86 151
92 31 123
26 68 94
65 81 146
7 33 40
32 77 109
75 84 159
25 22 47
35 61 96
96 16 112
56 58 114
61 77 138
0 24 24
79 57 136
64 28 92
23 94 117
82 80 162
94 18 112
61 60 121
57 45 102
93 23 116
78 35 113
77 18 95
75 26 101
79 44 123
78 47 125
31 80 111
26 69 95
88 73 161
12 9 21
88 11 99
53 55 108
22 67 89
60 63 123
46 7 53
47 98 145
60 19 79
48 49 97
74 32 106
24 18 42
7 72 79
9 20 29
41 63 104
68 15 83
50 46 96
58 63 121
94 27 121
74 88 162
68 72 140
6 1 7
1 52 53
80 69 149
28 4 32
92 94 186
67 58 125
71 53 124
93 52 145
54 22 76
61 37 98
66 81 147
32 46 78
18 61 79
95 22 117
1 88 89
47 82 129
13 81 94
7 38 45
36 77 113
21 50 71
15 67 82
69 6 75
29 69 98
61 31 92
97 52 149
67 31 98
17 71 88
78 25 103
13 21 34
86 75 161
78 38 116
28 82 110
41 45 86
10 5 15
8 31 39
46 68 114
31 98 129
16 39 55
79 80 159
0 90 90
71 37 108
76 33 109
11 23 34
11 91 102
67 41 108
60 94 154
43 49 92
77 25 102
52 21 73
5 17 22
6 92 98
19 29 48
63 77 140
70 55 125
63 41 104
54 6 60
92 17 109
20 63 83
86 64 150
80 73 153
58 80 138
25 88 113
43 12 55
13 19 32
58 44 102
55 13 68
50 94 144
31 8 39
60 88 148
91 7 98
98 81 179
85 65 150
80 66 146
26 49 75
56 46 102
74 93 167
5 79 84
23 54 77
97 58 155
46 1 47
83 95 178
91 4 95
10 11 21
60 13 73
0 49 49
33 14 47
72 54 126
31 84 115
60 84 144
30 11 41
35 46 81
5 86 91
56 30 86
74 49 123
38 34 72
81 13 94
30 92 122
55 66 121
80 98 178
28 27 55
38 15 53
38 78 116
7 28 35
11 33 44
5 11 16
67 73 140
17 44 61
40 60 100
22 71 93
94 61 155
6 24 30
17 31 48
29 51 80
27 65 92
1 77 78
41 54 95
24 85 109
30 46 76
76 43 119
77 51 128
50 43 93
74 56 130
2 69 71
4 62 66
93 1 94
93 85 178
75 64 139
18 45 63
58 13 71
74 1 75
22 85 107
83 64 147
38 8 46
53 15 68
9 37 46
73 20 93
50 98 148
73 91 164
77 90 167
11 14 25
14 14 28
92 1 93
63 4 67
41 3 44
77 77 154
11 1 12
48 22 70
64 86 150
53 22 75
35 77 112
98 12 110
8 81 89
15 88 103
15 87 102
41 53 94
27 36 63
18 24 42
52 98 150
18 46 64
69 24 93
57 10 67
87 86 173
46 62 108
98 67 165
79 70 149
37 53 90
74 47 121
66 42 108
45 99 144
14 22 36
61 5 66
81 5 86
61 74 135
21 70 91
25 75 100
54 38 92
32 61 93
94 19 113
18 12 30
52 73 125
94 92 186
11 34 45
68 51 119
58 68 126
44 42 86
16 61 77
23 57 80
98 59 157
61 71 132
97 99 196
96 42 138
11 94 105
53 85 138
85 90 175
22 98 120
95 38 133
70 88 158
49 66 115
84 94 178
1 99 100
67 77 144
67 44 111
16 83 99
35 67 102
0 62 62
52 93 145
9 81 90
60 38 98
34 89 123
2 97 99
26 39 65
73 72 145
60 0 60
38 94 132
38 8 46
31 63 94
53 36 89
43 80 123
0 58 58
79 24 103
18 71 89
76 36 112
83 79 162
29 13 42
23 90 113
89 65 154
23 47 70
78 38 116
65 55 120
30 36 66
18 82 100
41 51 92
70 64 134
73 62 135
29 46 75
1 79 80
42 55 97
47 93 140
75 81 156
14 87 101
66 29 95
80 12 92
36 96 132
7 54 61
60 70 130
37 91 128
42 83 125
55 19 74
56 40 96
15 25 40
99 33 132
23 91 114
33 41 74
40 67 107
4 56 60
48 33 81
52 48 100
5 10 15
54 17 71
68 81 149
51 45 96
74 44 118
29 9 38
67 79 146
81 4 85
93 73 166
39 66 105
20 68 88
24 41 65
38 19 57
81 32 113
95 85 180
21 19 40
55 82 137
35 89 124
57 38 95
15 71 86
12 4 16
28 85 113
81 15 96
1 78 79
10 29 39
95 65 160
13 87 100
64 57 121
96 35 131
66 2 68
87 8 95
14 33 47
90 32 122
73 32 105
58 11 69
39 8 47
66 96 162
27 81 108
32 30 62
12 90 102
44 65 109
41 35 76
35 94 129
98 91 189
35 36 71
6 16 22
86 62 148
69 34 103
90 27 117
43 23 66
78 65 143
81 35 116
81 82 163
13 99 112
74 83 157
53 37 90
68 5 73
53 37 90
55 31 86
91 35 126
27 22 49
78 91 169
47 88 135
63 49 112
45 29 74
7 29 36
61 77 138
66 80 146
25 67 92
71 69 140
57 81 138
28 12 40
37 50 87
82 75 157
7 58 65
17 65 82
90 66 156
49 29 78
20 5 25
58 76 134
53 0 53
66 12 78
18 47 65
13 66 79
84 46 130
68 39 107
45 69 114
98 29 127
61 3 64
11 5 16
28 86 114
45 91 136
96 70 166
71 84 155
60 71 131
29 55 84
44 68 112
6 17 23
50 35 85
5 54 59
70 77 147
39 77 116
98 56 154
9 53 62
20 9 29
90 71 161
99 14 113
91 18 109
57 97 154
81 19 100
67 69 136
47 41 88
70 7 77
51 24 75
17 13 30
29 24 53
46 17 63
25 93 118
23 13 36
88 85 173
46 6 52
95 57 152
61 66 127
9 20 29
19 58 77
42 21 63
91 31 122
50 91 141
34 67 101
70 15 85
95 59 154
4 20 24
16 0 16
41 62 103
1 67 68
4 64 68
66 8 74
7 86 93
4 99 103
38 4 42
86 89 175
66 67 133
95 25 120
85 24 109
68 83 151
25 92 117
28 76 104
15 48 63
23 17 40
49 10 59
57 78 135
4 4 8
7 35 42
55 3 58
18 57 75
22 6 28
98 50 148
63 48 111
71 0 71
72 4 76
81 26 107
36 19 55
51 67 118
9 78 87
36 22 58
35 62 97
22 62 84
22 99 121
90 50 140
84 85 169
39 11 50
16 60 76
24 26 50
89 21 110
99 94 193
34 58 92
28 44 72
