14 73
8 12
87 44
63 62
27 67
44 3
17 36
58 2
9 43
14 45
74 99
27 59
35 77
67 55
91 88
50 51
67 18
62 62
51 55
46 65
98 46
24 88
41 60
72 12
34 85
2 64
88 79
43 85
47 54
66 10
78 65
50 72
31 39
50 41
45 90
81 12
48 94
63 68
25 29
28 92
26 50
7 69
24 88
90 94
9 96
36 77
5 21
83 27
60 86
35 10
46 13
35 92
29 52
75 16
82 53
9 35
82 54
71 33
96 12
1 13
72 55
11 20
41 7
54 30
70 77
67 49
70 33
72 68
82 87
10 19
36 59
3 80
1 9
49 41
21 17
74 39
2 16
37 23
98 51
61 34
34 19
77 26
40 69
24 71
39 27
78 55
50 48
62 58
29 24
45 76
62 79
7 36
27 85
12 85
23 30
78 91
80 85
77 93
21 86
23 0
23 96
30 86
28 99
70 76
42 66
15 65
53 48
30 76
32 69
79 31
41 95
67 25
95 38
95 25
84 95
29 60
47 79
37 61
47 4
43 43
5 64
95 23
2 94
5 95
61 65
66 37
52 78
30 64
24 6
75 47
10 16
38 91
83 56
85 48
27 67
97 39
42 77
1 23
94 25
90 68
45 35
85 31
59 20
98 71
98 77
45 7
50 81
78 5
90 1
41 71
91 37
12 44
64 89
37 53
17 63
51 76
73 66
92 29
74 76
66 47
46 68
78 37
33 35
74 46
20 52
21 38
8 5
37 10
75 80
84 89
70 42
75 99
60 79
31 98
86 42
68 60
48 58
32 21
90 1
52 65
82 4
25 76
49 75
82 24
37 63
40 26
22 5
22 21
43 81
22 28
55 30
95 18
43 19
80 34
34 11
1 48
12 18
33 66
31 32
60 79
68 5
54 14
20 9
16 98
86 80
73 57
16 29
11 97
96 52
11 66
77 78
14 85
65 80
9 44
74 67
80 35
76 38
23 87
49 21
45 85
4 44
72 50
42 71
40 40
94 52
63 63
42 57
9 33
54 40
34 98
73 52
53 24
94 23
57 34
69 21
65 80
9 70
55 50
84 66
42 0
81 12
90 90
94 52
76 23
87 74
66 0
65 72
50 78
45 79
54 31
47 65
28 9
3 81
43 63
31 4
41 25
63 14
26 30
36 40
2 53
90 53
18 13
93 22
49 0
78 58
20 70
91 22
22 9
7 97
34 39
47 52
94 75
94 40
57 25
45 80
70 25
18 77
15 14
41 6
21 0
65 69
17 2
82 39
63 47
72 63
81 19
3 54
55 38
26 65
50 29
76 40
66 44
13 6
99 7
35 45
37 52
65 19
20 24
76 40
4 33
99 90
85 31
75 3
45 10
68 58
52 88
18 69
41 50
44 65
60 76
5 98
35 37
67 8
17 28
36 62
27 41
91 46
25 87
20 66
21 54
83 18
97 64
75 90
43 91
34 36
4 29
23 41
86 2
78 97
47 18
67 52
14 85
62 64
64 87
94 55
65 39
61 37
64 9
50 75
20 11
0 34
21 57
38 26
90 69
67 44
68 22
77 70
11 47
92 35
52 82
64 63
30 37
79 36
17 93
60 36
52 61
13 96
14 74
2 50
15 60
26 0
15 51
53 53
0 11
82 15
16 13
39 57
1 88
7 29
32 6
60 70
19 30
6 92
3 46
10 88
93 32
2 78
8 43
19 16
91 35
24 53
99 40
67 53
25 67
41 94
5 58
11 80
65 42
62 17
55 90
30 61
92 17
67 52
84 48
8 19
98 9
1 92
95 39
34 44
17 24
65 71
12 11
84 15
2 89
62 32
92 14
72 64
77 43
18 57
89 71
28 35
28 63
86 72
47 78
7 65
59 73
85 59
46 14
88 1
71 35
74 88
9 73
86 9
74 14
43 93
60 8
90 79
57 95
74 25
79 40
52 32
30 35
68 18
77 70
43 12
82 79
57 65
58 48
92 16
80 1
85 17
45 34
19 47
60 38
90 48
31 31
14 6
74 34
72 4
66 69
4 32
40 59
59 39
3 4
59 50
60 77
45 16
41 51
74 44
79 31
10 28
91 41
12 89
71 93
74 38
50 85
39 87
22 45
90 83
25 91
22 90
36 54
18 38
94 9
92 20
17 48
37 86
32 15
71 68
61 78
81 63
83 47
53 19
62 14
79 92
50 45
94 56
70 80
17 28
2 81
16 74
14 99
95 32
40 16
22 32
88 51
85 19
35 71
94 80
2 45
49 63
59 60
95 49
52 39
18 21
39 91
63 75
7 33
5 8
16 98
6 91
92 17
8 11
92 57
81 64
9 88
78 14
44 11
84 80
8 82
84 85
3 18
25 13
98 66
39 50
49 95
2 28
81 80
24 66
56 92
43 13
86 25
2 31
50 97
30 73
25 3
36 49
32 92
65 47
88 50
28 88
69 32
68 71
60 16
33 44
10 54
16 46
67 81
14 58
99 99
72 28
59 92
53 32
20 31
24 21
45 76
97 80
94 53
61 93
99 68
60 30
85 33
7 60
19 12
34 65
1 21
27 58
97 14
4 86
6 40
13 88
70 38
22 14
54 86
51 81
35 85
53 7
99 78
68 98
42 46
1 22
10 86
51 54
93 32
16 24
14 7
21 79
25 30
42 36
99 15
50 63
5 52
83 51
79 57
56 12
32 15
16 57
32 72
39 17
98 20
6 17
48 12
7 2
44 53
49 92
56 7
5 80
43 23
78 30
41 21
35 35
89 86
98 60
22 73
95 30
64 80
81 1
96 50
72 78
21 75
96 50
72 55
77 87
51 86
28 45
77 80
76 41
5 28
64 49
48 38
64 81
40 58
42 40
26 71
28 6
54 67
59 44
41 99
94 44
92 71
74 23
99 24
92 20
12 17
49 39
98 71
66 42
40 27
9 91
90 77
54 30
1 7
1 0
38 3
62 32
65 8
51 53
67 34
70 72
34 29
82 71
35 92
24 94
13 74
97 5
24 93
43 39
24 5
15 41
91 47
96 66
36 62
85 17
89 10
3 72
0 12
15 12
81 45
7 64
39 14
7 99
76 26
90 64
82 10
12 52
72 66
14 82
32 37
56 93
90 3
59 44
0 45
23 62
31 89
86 21
99 70
2 11
79 74
67 17
99 38
65 76
73 50
77 21
17 73
73 89
8 19
13 20
92 17
39 13
70 73
42 15
67 0
67 15
79 51
20 54
99 13
69 53
66 37
52 37
83 14
32 4
1 84
45 13
98 53
54 18
24 65
99 40
57 30
9 75
73 27
67 76
2 90
10 83
71 92
16 33
58 35
52 34
3 43
49 46
8 6
17 60
42 53
84 36
75 24
97 17
42 88
68 30
0 98
29 99
93 58
16 82
66 22
14 3
71 60
50 19
8 11
63 48
16 45
33 49
99 84
19 95
13 10
24 5
77 34
96 88
50 41
77 78
67 93
85 64
6 55
23 81
20 63
89 20
59 0
24 77
67 81
90 61
93 55
43 4
21 63
99 38
11 91
94 84
81 69
58 95
59 32
77 55
95 65
83 78
61 31
38 59
85 86
46 89
12 69
72 71
17 24
21 62
93 49
40 48
32 41
84 75
97 46
31 41
16 22
20 82
0 74
70 80
28 44
52 21
9 90
68 66
47 56
67 35
62 75
59 59
9 39
36 69
2 78
11 23
69 42
68 18
98 81
50 67
96 67
60 88
7 68
58 94
28 2
0 93
68 49
70 20
30 93
78 11
73 56
49 58
69 69
52 8
61 92
50 64
93 39
46 55
48 12
83 98
77 7
73 69
5 39
66 76
49 72
33 92
58 32
23 17
96 50
20 96
79 66
51 88
23 43
76 77
51 81
50 74
72 23
98 22
55 28
46 17
16 12
13 69
17 9
42 81
98 39
12 88
54 49
41 1
18 72
9 38
88 57
80 59
95 66
42 40
81 89
19 49
49 21
56 21
30 45
32 9
55 54
58 86
41 7
79 82
78 83
27 18
79 38
65 68
24 60
30 4
91 50
32 51
30 43
87 92
25 46
53 73
11 52
45 21
8 25
33 80
3 38
2 26
24 45
68 93
37 96
45 92
13 55
42 48
41 57
25 22
10 13
77 21
43 93
83 50
7 43
49 29
89 1
32 97
8 18
97 75
9 3
28 11
23 68
77 11
97 48
44 44
77 58
11 50
61 9
76 60
2 84
72 4
69 10
2 96
97 81
1 60
52 45
6 58
77 76
40 56
42 68
44 53
3 53
75 63
6 63
49 31
45 61
29 93
1 99
23 13
40 82
0 15
69 90
4 31
83 17
76 8
55 73
14 70
74 17
26 76
87 28
18 71
64 7
50 61
50 46
64 70
1 16
90 73
6 78
65 85
97 81
68 74
82 91
34 81
63 63
64 54
74 8
58 53
75 36
39 87
9 93
84 15
61 72
5 24
66 81
26 5
23 13
77 34
30 81
43 64
27 16
28 36
9 79
98 8
6 88
9 91
68 89
65 59
46 54
56 59
53 42
79 69
81 76
66 16
44 12
34 95
32 26
99 38
26 53
62 29
37 21
80 74
89 49
47 69
38 86
61 55
40 10
7 87
76 24
76 61
62 84
26 72
68 61
28 25
99 14
92 70
93 78
43 47
59 95
63 16
28 80
76 94
93 69
87 59
22 91
86 20
93 37
64 29
66 75
80 4
95 77
95 49
16 54
35 66
69 17
65 25
91 67
67 10
49 71
46 83
56 34
53 85
73 79
11 57
77 42
22 59
13 67
29 78
0 70
95 0
41 8
0 86
53 33
39 75
8 39
77 85
27 65
5 33
10 53
60 41
35 23
63 23
23 40
79 59
83 26
72 59
62 64
37 15
21 12
39 76
3 35
91 17
66 12
41 15
5 77
27 96
55 66
87 71
56 92
52 30
91 45
90 38
52 85
35 58
83 28
52 77
0 85
25 61
52 27
74 60
28 65
47 30
65 71
17 55
44 18
81 19
26 5
44 2
95 6
11 89
79 95
9 54
29 58
7 59
19 9
19 74
81 74
85 84
45 26
85 7
15 56
21 80
78 68
38 33
75 1
8 75
29 8
76 28
20 54
20 50
42 83
1 79
30 92
60 20
91 2
29 4
1 40
53 35
82 83
17 22
44 44
91 13
69 14
93 98
35 12
41 67
16 57
83 39
41 14
49 1
47 92
94 1
62 11
80 63
90 18
65 6
82 48
48 25
83 54
13 72
69 10
1 1
51 95
6 28
13 6
87 80
73 12
35 63
27 13
31 5
70 97
9 99
6 61
58 1
7 80
92 42
13 90
24 44
74 77
82 0
10 30
31 7
9 26
78 0
54 93
58 64
6 60
82 95
26 34
26 53
89 4
25 5
29 1
24 45
25 38
30 22
59 59
32 29
48 86
55 2
0 1
36 36
62 2
23 30
23 57
47 56
30 53
85 40
8 95
7 14
92 0
79 3
58 33
27 50
28 31
11 69
26 55
98 81
54 4
81 54
42 84
70 14
8 45
51 36
70 91
97 94
51 5
28 30
34 91
84 71
6 55
94 79
18 12
67 88
78 2
76 61
25 80
6 59
20 46
8 28
75 83
51 82
55 46
54 3
79 83
18 23
19 0
59 90
66 64
60 36
46 84
71 23
50 73
20 16
15 13
16 60
75 97
77 12
6 70
4 34
53 55
46 94
85 67
3 70
92 7
12 38
55 22
2 22
23 98
4 76
83 54
42 24
58 62
74 39
93 47
3 44
12 28
99 5
10 40
97 29
82 72
20 96
47 11
79 20
18 93
37 51
70 29
26 21
44 14
35 47
49 63
14 68
49 90
6 35
77 22
86 61
87 97
71 12
47 64
19 93
10 96
23 22
35 85
17 98
18 89
39 21
56 23
74 19
82 97
82 92
85 6
89 33
26 84
42 46
32 49
81 87
34 84
28 60
85 59
39 80
62 59
95 32
84 23
31 83
68 80
36 13
52 37
31 94
49 74
33 20
24 86
63 68
64 5
65 33
78 71
87 69
61 67
62 84
79 7
0 66
28 68
64 29
41 9
12 35
71 15
35 20
65 47
69 75
67 39
17 33
53 61
98 47
96 94
29 78
39 11
42 48
12 66
89 32
0 74
39 92
8 50
97 90
42 23
16 29
47 41
14 21
30 89
48 74
81 88
40 37
11 18
24 15
6 39
24 10
25 2
61 82
72 1
58 4
58 32
88 57
4 1
80 12
49 34
23 52
30 69
62 49
22 69
87 9
60 66
4 12
28 51
33 95
11 86
83 96
35 68
48 71
70 41
0 55
94 98
50 63
21 25
55 98
50 88
46 74
24 54
58 81
69 63
16 5
1 62
92 65
8 52
96 87
46 58
10 89
1 67
59 3
32 47
1 61
90 23
22 36
13 18
69 58
24 0
13 28
87 57
28 0
93 88
42 74
62 84
9 50
54 46
59 42
6 64
5 10
82 38
11 1
6 75
78 5
85 47
69 23
11 66
27 56
58 3
35 71
47 54
81 70
54 95
61 62
19 76
66 43
50 16
84 80
17 45
52 89
61 3
35 62
82 91
82 45
19 74
34 34
97 6
40 6
79 93
90 26
11 15
38 58
70 99
18 70
25 16
48 27
6 94
68 97
9 98
9 43
72 34
1 28
9 14
20 13
98 38
37 7
58 21
65 10
62 9
96 74
6 16
78 41
93 26
0 21
62 64
15 55
65 65
8 64
73 55
45 71
88 16
75 56
96 33
52 83
66 23
79 76
72 72
13 42
79 28
6 77
15 61
65 12
94 39
68 98
51 45
32 93
79 0
79 33
33 97
23 26
67 40
98 68
95 18
82 70
30 16
31 13
70 5
46 43
4 14
33 95
34 99
56 14
81 46
98 46
69 59
29 42
35 78
58 91
19 56
36 94
68 58
62 94
33 7
39 98
21 1
62 34
77 39
78 34
56 65
92 48
44 68
10 4
55 39
42 96
16 22
20 77
91 41
28 27
39 89
12 99
55 63
24 39
6 55
90 14
78 91
92 34
90 79
0 6
28 48
3 44
59 62
97 79
53 7
65 64
87 37
92 54
64 49
94 43
8 72
35 77
6 6
3 49
43 82
85 74
36 81
37 9
18 51
28 84
85 50
48 1
79 44
63 69
22 63
85 25
35 22
82 7
80 47
4 7
36 35
13 64
77 2
11 41
30 4
25 9
35 15
25 51
14 38
67 78
19 28
88 77
43 69
58 80
55 6
84 78
31 35
53 86
33 59
70 40
32 6
95 61
99 6
89 29
24 14
69 44
93 22
0 99
16 17
80 73
5 27
2 34
30 82
32 54
66 55
29 76
90 77
99 13
57 74
72 4
37 10
92 24
31 71
57 8
38 37
24 86
49 37
59 97
59 12
4 3
55 47
13 39
6 9
24 96
5 93
77 83
49 60
81 37
4 60
70 59
25 38
53 13
23 90
67 33
48 29
74 66
60 11
53 25
79 61
15 70
87 89
17 22
24 5
43 27
30 57
24 25
93 0
23 16
80 20
5 17
60 8
44 38
93 7
22 8
40 31
71 23
95 43
11 85
23 57
4 71
76 50
46 84
90 71
15 10
18 16
97 74
18 95
2 7
10 19
32 78
87 85
53 40
37 19
20 85
68 59
16 4
94 83
33 30
96 2
33 79
22 53
77 67
84 72
64 89
87 46
2 30
83 92
40 64
5 4
80 9
20 65
89 90
80 47
28 3
24 15
36 96
24 97
78 8
81 55
32 29
48 46
61 45
88 60
42 36
40 4
30 25
36 93
20 89
18 27
44 50
16 68
77 0
73 94
15 22
33 66
69 2
97 93
8 6
66 64
52 90
60 9
86 46
6 64
35 22
36 23
37 63
86 54
32 87
95 82
74 39
96 32
61 9
90 12
88 17
73 50
60 20
7 0
37 27
20 6
50 36
83 55
34 50
40 37
99 86
40 79
79 10
90 76
16 45
63 86
80 86
37 0
10 86
99 41
83 68
28 79
1 75
49 99
71 60
56 53
69 84
66 61
99 88
71 63
72 66
37 49
9 70
14 67
5 38
6 84
24 18
88 50
83 44
15 14
94 87
37 69
56 29
51 58
42 75
91 29
46 60
78 55
38 36
96 71
70 90
10 33
6 0
83 21
16 10
38 81
84 6
26 62
97 34
53 49
55 54
35 42
93 40
71 9
40 65
4 40
57 18
81 11
16 82
64 62
45 34
28 32
68 66
93 40
23 70
82 69
94 13
85 41
82 81
49 7
91 75
24 65
37 56
34 63
12 81
81 50
70 70
75 23
75 65
9 15
51 5
93 39
57 57
26 4
76 87
58 61
10 40
13 48
42 38
33 21
26 52
85 60
82 72
17 26
48 42
10 39
92 0
94 99
78 1
7 77
29 55
0 71
58 4
88 87
29 87
26 1
67 67
56 42
30 15
44 64
97 50
32 64
79 46
5 76
69 1
6 41
17 12
18 88
66 57
67 87
10 60
41 38
83 74
74 46
53 76
95 55
78 52
75 77
71 59
30 84
83 98
73 84
9 78
40 85
11 37
68 87
20 4
58 26
61 66
19 94
48 22
85 61
85 56
39 71
17 87
89 89
43 39
51 93
65 37
45 90
72 24
5 69
20 63
37 39
30 14
35 40
2 81
88 35
83 50
56 10
21 39
82 44
82 16
51 94
32 98
59 79
6 76
96 7
29 9
86 6
61 67
67 12
28 82
19 17
87 99
58 90
14 82
97 21
76 38
51 81
51 68
25 52
9 99
20 23
20 43
33 11
31 19
89 8
26 8
78 30
42 10
42 47
49 80
30 48
36 84
26 87
85 48
67 60
16 72
89 67
29 24
50 22
56 44
78 27
87 7
81 19
7 71
2 52
37 94
98 69
19 18
84 12
23 97
25 77
40 92
83 95
7 76
62 62
63 58
75 4
64 87
60 53
12 83
67 46
79 43
31 15
84 44
65 28
9 71
87 57
96 94
78 69
38 84
7 41
49 87
18 12
96 21
28 10
61 89
30 41
2 8
11 75
36 15
41 42
46 90
94 13
45 94
18 16
59 27
39 17
21 41
81 95
80 40
79 98
35 77
18 17
87 31
64 17
83 58
84 99
26 67
96 8
18 20
11 35
30 45
60 43
91 4
66 65
39 4
26 75
86 80
54 58
10 54
4 69
44 82
98 11
34 9
30 28
88 81
65 95
38 39
92 82
49 70
79 1
50 34
29 84
73 45
64 83
66 73
21 7
7 38
19 30
78 16
49 75
70 56
20 36
92 8
33 60
89 81
19 92
84 13
65 20
65 92
35 50
11 82
61 94
42 22
47 76
21 89
19 74
17 78
48 97
92 76
37 83
11 24
89 59
2 53
24 36
69 58
90 53
90 7
47 52
82 42
87 37
52 83
22 1
25 17
22 92
29 96
67 44
92 96
55 24
20 59
16 0
66 54
83 53
39 27
18 15
77 19
33 8
19 54
24 20
29 96
76 67
15 15
39 91
84 72
84 83
13 66
27 3
47 4
1 85
86 91
32 40
47 16
86 50
57 15
7 79
38 72
47 7
59 9
49 24
74 4
72 2
46 2
31 87
41 44
28 83
77 70
60 38
52 9
11 63
94 9
97 81
3 23
36 0
89 50
76 99
62 24
19 47
10 92
15 82
52 55
16 53
59 0
90 7
27 87
70 51
47 8
44 83
81 68
78 70
56 71
19 19
86 77
17 88
50 19
15 37
23 60
13 72
26 77
90 29
80 81
93 50
60 77
39 93
3 71
4 77
73 63
51 45
91 82
31 67
70 63
51 20
75 32
3 84
70 26
12 41
28 99
7 3
64 11
26 39
42 40
80 84
7 83
65 57
32 40
87 24
33 1
22 87
99 50
67 5
69 98
25 31
95 34
3 55
16 30
29 73
78 64
37 24
83 14
73 55
35 94
42 77
55 67
46 14
28 6
83 87
60 10
43 43
76 49
11 22
63 86
92 26
62 7
3 69
49 0
95 91
32 0
92 72
13 60
22 60
1 40
32 49
6 32
99 73
12 88
86 20
10 56
3 88
23 79
73 91
80 81
8 36
0 90
58 31
7 37
31 74
35 33
59 16
56 74
42 0
78 43
52 5
85 15
2 1
28 34
9 98
4 58
98 84
23 45
98 76
28 88
35 60
82 44
6 84
21 64
66 97
63 47
65 0
7 96
77 58
86 7
70 69
10 94
70 45
20 20
66 64
89 92
83 2
73 81
83 17
31 28
52 16
58 79
45 67
84 29
97 38
44 7
16 89
42 45
45 52
24 83
84 26
61 61
99 76
76 93
96 47
46 88
93 1
65 96
16 36
53 5
16 47
63 56
4 75
3 64
26 89
38 15
38 28
9 0
64 9
69 75
23 45
11 96
68 44
57 0
95 40
70 41
35 35
2 56
56 48
18 30
60 27
39 38
15 4
17 40
68 46
33 99
67 53
66 26
0 60
16 38
32 83
82 87
71 75
2 87
29 35
39 19
53 91
14 23
63 91
96 45
88 23
31 17
68 45
38 52
99 18
98 67
80 36
30 50
90 63
39 36
43 63
37 67
16 26
88 83
33 33
46 68
13 60
56 58
62 34
48 74
88 38
66 57
55 12
42 66
74 43
0 7
19 95
12 39
17 94
61 76
43 74
61 96
50 29
19 97
52 71
71 54
39 60
57 23
6 56
5 68
53 51
78 44
43 68
85 27
67 11
8 73
40 94
18 5
86 89
30 51
40 42
8 82
40 12
14 57
79 50
63 14
41 2
4 8
33 86
36 85
64 19
42 23
36 76
96 4
27 54
77 19
61 1
50 9
31 73
90 64
88 78
17 59
1 5
23 66
71 89
68 63
87 36
18 85
79 9
52 28
92 54
22 73
16 9
14 84
28 77
77 59
12 66
27 20
41 52
78 66
75 52
74 36
29 8
33 95
14 17
45 5
17 78
98 69
35 26
36 77
67 10
6 34
26 36
8 39
57 55
62 0
60 25
5 45
32 97
22 5
15 60
85 28
18 62
16 4
15 52
15 26
68 45
86 61
44 86
33 55
21 46
3 73
38 90
38 88
89 52
30 8
95 34
4 15
63 65
57 21
88 55
36 63
27 74
28 25
73 78
65 37
61 8
4 1
56 0
37 59
40 76
72 75
26 70
32 17
68 33
80 41
83 38
78 79
29 8
89 54
21 13
93 12
49 83
42 6
60 11
25 18
9 91
77 58
53 42
50 39
29 96
15 94
26 78
42 94
36 17
64 18
96 98
96 68
73 25
68 30
61 50
82 11
69 39
41 86
78 20
33 19
62 39
98 94
79 83
87 56
29 15
54 3
34 39
75 25
73 47
75 88
67 79
46 88
38 49
71 30
75 13
42 24
27 66
46 29
68 37
30 42
37 75
70 4
43 14
58 28
1 12
94 9
22 96
78 21
90 69
80 42
82 0
36 14
4 68
7 97
83 88
43 23
70 57
29 30
59 36
60 52
94 6
98 63
98 38
33 44
39 67
55 87
1 63
93 42
86 23
44 44
82 91
25 99
90 36
55 63
50 89
90 33
2 99
2 68
4 9
48 23
91 30
93 36
35 88
13 59
15 61
90 93
23 36
28 31
72 46
47 69
20 61
11 0
94 12
27 56
10 53
62 82
61 68
93 77
52 96
93 9
17 31
20 45
57 81
34 73
39 37
10 88
2 39
48 12
51 25
1 62
89 77
29 39
49 7
32 7
83 79
17 65
98 37
15 47
8 59
76 44
1 78
91 7
62 85
44 21
39 66
59 74
10 67
97 12
66 60
94 32
98 65
24 94
16 2
98 87
28 66
17 89
45 29
43 90
97 61
72 12
40 19
78 88
43 37
7 40
14 63
2 11
24 50
47 24
41 36
66 70
1 73
71 14
11 98
25 13
8 32
24 92
49 19
73 45
22 44
19 64
4 99
89 69
61 69
9 48
63 1
23 74
79 53
82 86
51 16
42 97
89 2
19 65
10 55
37 64
13 75
20 47
64 46
90 20
37 59
91 49
49 46
12 94
78 15
79 38
1 33
34 72
70 42
98 32
18 3
33 77
18 28
23 49
38 94
86 51
49 28
28 7
19 7
86 95
82 69
54 25
49 19
84 85
78 62
28 52
51 59
34 25
68 65
91 94
19 24
64 94
87 52
17 63
73 40
36 95
35 63
18 67
59 95
48 21
5 4
66 81
0 39
20 94
90 52
21 63
49 68
17 94
12 11
42 87
63 85
31 53
22 19
75 44
84 4
92 50
78 85
23 35
73 42
10 19
18 91
25 3
85 46
13 38
16 88
78 78
85 5
42 73
17 55
55 33
86 44
85 79
23 57
40 27
94 26
65 73
79 90
10 18
67 29
59 63
92 37
26 25
23 13
50 4
1 65
72 69
14 29
74 69
27 40
44 96
67 29
52 14
33 59
73 77
52 42
71 43
58 12
9 18
73 13
79 73
51 39
38 84
65 61
8 83
82 25
20 11
49 48
80 73
40 8
1 75
42 65
6 4
8 73
8 4
79 57
88 52
41 45
18 7
85 94
86 69
8 6
80 66
74 62
64 95
92 23
6 4
91 62
60 14
92 50
62 95
6 53
81 58
81 81
35 57
0 36
70 83
25 13
87 19
63 73
29 34
81 86
26 81
69 53
4 19
0 74
0 28
28 28
35 18
10 54
38 50
88 85
37 94
54 47
70 58
85 35
38 61
95 86
83 53
26 74
15 9
15 80
73 2
38 95
34 40
67 99
31 31
75 20
34 49
45 11
40 61
22 53
60 85
59 82
29 96
97 48
81 87
89 5
94 45
45 90
70 41
26 97
9 71
36 40
17 73
83 79
38 70
8 55
43 64
91 4
37 79
98 56
93 34
5 61
63 82
7 97
73 83
90 92
25 6
27 2
84 68
17 25
59 89
57 21
38 65
80 46
6 33
24 26
15 9
13 88
3 60
62 24
50 41
95 36
54 28
20 78
68 16
29 98
24 16
67 51
70 36
79 45
58 50
25 42
92 80
60 38
31 27
33 62
15 0
9 44
33 98
38 95
84 9
0 46
77 77
84 96
74 2
2 5
38 86
96 76
36 63
26 90
18 56
23 93
20 90
0 42
18 31
51 35
14 17
43 21
85 60
38 97
23 30
71 66
16 22
49 15
2 19
59 69
97 82
86 47
27 54
68 88
24 8
79 96
18 90
37 11
40 79
72 78
32 68
33 72
52 1
12 4
87 51
36 63
20 1
25 45
5 77
45 43
55 36
56 99
61 88
25 43
60 48
46 19
58 77
3 70
66 64
94 39
26 76
67 0
30 5
88 23
28 57
64 38
12 51
67 48
51 81
53 78
82 70
68 52
61 92
27 9
97 42
53 4
64 53
61 44
99 47
11 8
48 4
51 11
79 17
44 71
67 87
28 81
5 46
98 60
80 29
88 77
45 63
30 99
17 90
94 58
16 74
42 78
21 6
71 32
99 59
3 80
66 1
58 85
83 71
40 85
24 80
94 62
67 83
81 47
12 67
75 15
1 63
45 63
10 61
53 75
77 32
77 6
7 28
83 65
60 1
18 81
12 18
25 92
43 55
47 58
45 17
6 19
25 49
68 16
87 47
87 50
37 16
8 34
95 87
43 92
73 20
36 61
1 26
89 94
8 58
14 26
58 43
97 14
53 32
39 41
65 52
35 74
93 56
30 4
6 38
42 9
50 9
83 88
58 65
62 69
27 96
52 32
96 65
50 44
40 72
71 61
96 42
87 26
56 55
49 8
55 89
84 33
70 7
25 48
88 6
20 17
51 74
79 11
82 12
35 93
99 90
22 22
7 31
69 32
20 13
63 22
2 93
5 12
78 50
15 75
74 33
99 78
21 55
33 53
42 90
87 44
98 69
38 18
67 75
36 78
74 91
79 45
44 45
73 34
37 71
54 30
1 42
75 60
72 95
61 64
12 54
42 86
0 21
73 34
47 4
8 25
97 12
20 95
21 21
25 54
36 25
24 53
33 74
85 74
29 51
62 37
1 65
31 11
85 19
37 74
64 36
40 37
26 24
96 74
44 74
55 34
22 0
91 76
69 80
31 2
72 1
86 56
92 69
88 79
99 62
20 93
41 26
86 46
52 8
62 75
70 35
33 68
64 45
33 47
22 56
51 94
72 56
64 85
43 49
12 89
3 78
92 69
75 43
65 87
60 3
90 5
23 44
21 57
90 35
84 69
7 43
11 39
25 85
40 12
51 38
31 75
24 28
8 28
70 66
25 34
25 77
32 98
74 26
49 1
51 42
19 31
81 28
45 93
53 22
10 76
22 47
78 39
72 27
71 23
1 55
18 29
44 94
92 68
95 76
11 39
55 31
34 9
43 75
19 83
97 94
50 70
68 28
43 90
51 23
67 54
89 46
93 17
9 11
22 52
71 6
5 17
36 28
5 67
98 25
67 7
28 22
88 42
9 81
55 72
58 56
63 9
25 88
64 46
63 47
22 6
26 5
22 41
83 92
24 17
94 33
16 31
68 88
33 24
4 51
42 97
77 63
43 32
10 72
76 67
79 82
77 6
23 72
85 96
11 36
99 62
14 31
98 24
33 38
7 36
21 93
61 80
15 75
71 50
83 70
78 70
48 61
17 48
99 83
24 66
22 42
54 92
87 27
73 94
64 80
51 82
69 75
2 10
8 85
63 44
25 31
44 77
59 51
23 47
1 31
26 38
80 13
93 45
48 78
37 48
25 13
22 53
64 74
22 75
46 80
15 82
92 82
87 17
51 53
60 4
46 46
47 38
70 86
72 18
38 15
14 68
67 33
54 30
61 13
10 67
42 40
8 52
79 95
84 22
25 57
38 43
29 79
43 24
68 55
27 22
40 51
32 68
39 96
37 9
57 60
21 50
3 77
0 62
54 19
6 23
37 53
19 4
83 15
66 61
41 46
79 95
43 73
47 33
40 90
37 78
23 64
38 19
23 96
4 71
94 17
96 26
2 25
13 83
16 92
37 17
13 11
94 55
78 17
15 19
31 92
76 4
4 12
51 48
54 28
13 60
19 61
60 37
24 47
46 59
43 57
6 28
34 28
57 43
82 27
60 50
27 14
17 48
51 76
43 3
41 69
33 97
84 4
69 65
32 61
61 1
53 66
58 34
74 43
1 51
35 60
3 89
37 90
11 55
57 69
62 29
52 76
90 34
22 5
27 58
46 66
78 29
41 92
10 10
97 56
40 95
88 51
30 33
93 18
56 19
90 81
59 70
10 64
22 11
73 8
38 64
42 59
72 51
12 46
76 37
88 33
40 39
34 80
26 51
14 57
99 24
21 19
48 73
32 13
19 19
16 29
2 2
86 27
97 27
77 88
70 63
26 0
12 2
72 4
44 45
80 28
36 8
66 28
44 88
57 64
84 8
71 1
55 98
5 58
92 37
53 23
38 76
81 44
52 25
11 94
35 55
65 82
11 61
15 70
92 37
14 84
36 40
67 31
97 6
45 96
41 80
0 66
94 28
74 50
71 32
66 30
78 95
90 59
20 61
61 48
2 77
90 37
13 36
4 40
24 23
46 82
80 77
49 77
48 46
23 93
95 3
58 37
59 75
10 99
71 34
43 78
87 0
66 47
98 68
93 22
4 49
38 87
62 0
40 29
10 59
68 45
67 70
83 86
89 48
31 3
25 33
35 89
55 37
74 35
23 59
15 59
97 83
74 8
49 9
23 69
55 31
72 7
11 16
44 25
47 98
21 66
52 89
89 52
15 54
41 80
72 23
30 35
36 99
1 3
58 15
83 61
91 30
24 73
99 15
85 46
15 17
1 9
45 96
98 84
41 89
16 27
9 22
65 17
79 3
48 58
22 84
51 41
26 28
68 2
23 57
60 58
0 29
19 50
9 60
94 79
38 11
74 43
15 77
60 13
20 40
14 57
51 2
61 98
32 64
7 75
52 19
90 40
82 29
78 35
30 78
48 47
47 0
44 96
16 24
60 47
53 58
45 42
43 74
57 23
13 84
1 74
8 0
10 21
33 19
75 72
14 62
41 36
71 32
17 78
93 54
53 19
68 5
13 83
40 92
88 61
41 34
0 38
24 50
26 40
62 33
93 95
43 16
28 76
45 22
70 78
6 77
30 74
24 4
19 16
40 31
14 59
16 31
9 71
21 7
50 81
43 8
77 2
23 27
2 9
75 92
6 11
32 91
60 36
40 76
83 31
13 93
98 17
42 62
31 2
65 92
71 72
13 87
58 84
0 37
66 54
92 92
87 57
93 45
50 3
42 17
48 54
21 92
81 75
20 17
51 58
6 85
53 54
44 16
29 62
76 4
29 8
32 51
94 53
31 11
81 89
49 55
87 32
71 33
6 86
48 54
84 23
42 46
27 78
9 73
70 15
98 45
43 46
90 61
37 2
36 8
44 53
13 90
91 14
83 8
30 49
92 39
32 14
87 95
38 8
38 79
52 87
62 60
27 20
36 21
16 64
14 50
36 28
54 58
45 71
97 61
12 72
14 2
23 6
3 31
37 85
5 54
40 83
16 0
50 98
29 65
18 64
84 63
93 97
56 98
56 39
33 51
53 76
48 79
42 3
4 11
81 60
72 54
17 65
88 7
15 21
70 95
24 21
50 32
58 48
67 51
89 47
95 0
97 92
52 76
97 5
17 11
33 33
9 74
64 64
54 7
35 44
81 88
38 79
63 57
52 53
39 97
68 85
99 74
59 32
56 67
87 41
18 95
34 45
79 44
12 65
74 13
29 68
27 84
55 14
25 62
98 61
16 84
4 39
81 98
27 17
19 66
69 31
31 75
96 15
45 62
22 22
24 25
26 0
0 98
91 63
87 87
65 31
15 63
2 93
25 79
2 13
1 87
90 57
0 54
6 11
73 1
41 42
29 95
57 32
57 48
59 89
45 27
92 31
46 56
21 86
28 15
20 99
25 47
55 33
13 54
88 73
54 33
10 1
27 94
0 28
56 84
23 53
84 99
60 14
55 21
82 22
36 52
61 96
49 33
60 66
10 49
16 26
52 66
93 32
7 15
68 37
54 63
6 6
98 67
57 71
84 19
92 33
82 96
7 6
28 39
88 88
79 0
59 33
59 79
9 98
74 70
19 46
40 45
25 32
0 23
46 42
43 14
52 12
11 65
21 8
18 55
83 96
57 54
36 75
67 89
3 55
14 91
49 23
1 58
15 7
50 71
27 44
74 6
18 46
49 35
37 59
40 82
46 49
62 13
37 71
32 16
78 24
97 62
29 48
88 33
9 36
29 6
13 72
83 98
37 87
74 36
27 93
44 52
1 32
63 63
90 57
15 12
95 84
74 55
4 14
91 8
23 86
27 9
88 30
45 31
81 44
13 79
9 93
83 1
95 91
45 45
68 77
34 37
33 75
44 93
58 89
57 53
36 17
85 12
75 71
95 50
12 55
38 67
36 80
41 36
69 68
38 19
83 24
10 86
37 2
57 21
18 51
38 41
81 18
28 3
7 90
39 96
47 91
40 21
7 60
35 67
19 67
60 97
86 29
68 57
3 28
12 71
16 62
50 19
49 8
63 22
56 63
48 92
1 9
61 13
55 12
79 40
96 86
73 47
70 40
54 16
86 81
89 91
61 89
40 1
56 31
77 92
69 38
54 53
36 35
20 39
27 96
55 36
12 51
91 20
34 50
58 36
99 13
16 85
1 17
23 69
76 96
8 31
98 84
61 2
12 88
21 10
41 17
41 11
36 49
9 57
55 94
94 89
45 41
73 44
23 69
44 81
71 1
43 33
40 72
33 64
46 13
16 27
21 22
51 16
92 65
39 82
80 84
12 54
85 40
52 77
56 85
80 91
93 13
50 19
63 91
70 3
74 17
77 11
68 71
28 13
63 6
5 7
62 81
94 77
70 19
65 80
3 81
43 92
91 21
81 61
74 4
37 83
27 4
85 99
54 4
15 28
22 80
51 0
1 56
54 40
73 40
36 37
9 50
9 15
97 47
0 50
58 87
28 72
57 70
6 18
94 70
22 94
0 19
1 76
64 89
71 32
29 2
74 16
90 31
55 94
38 2
59 0
39 28
8 73
46 76
57 15
9 65
24 79
50 20
95 41
95 41
25 41
59 58
65 72
73 8
51 63
62 31
54 73
11 60
6 31
92 73
2 85
26 59
61 55
20 38
21 53
80 82
24 26
79 94
18 83
54 42
39 63
79 68
33 54
17 26
12 54
87 77
54 17
50 38
37 93
77 58
19 57
76 31
12 85
24 89
54 7
75 8
57 70
50 16
24 15
99 82
88 90
16 65
75 15
57 97
92 38
13 59
41 16
18 45
33 80
23 15
7 29
81 22
11 28
66 32
71 79
78 61
56 91
50 8
11 71
30 76
30 7
13 81
92 16
76 34
59 84
95 9
99 48
27 49
67 20
73 38
39 92
45 74
10 8
22 38
53 29
25 28
51 13
53 60
54 91
98 13
98 65
49 2
29 54
74 28
99 31
3 85
98 48
5 77
5 67
20 84
44 20
43 16
28 11
60 61
28 34
73 10
55 67
52 50
48 85
25 79
70 50
21 49
10 32
29 6
61 26
87 1
42 62
88 49
23 92
27 43
31 53
61 2
68 1
29 73
22 6
54 99
84 67
43 3
81 80
66 6
66 82
28 5
90 25
75 77
5 47
66 22
61 80
97 36
6 48
60 88
66 61
13 62
37 10
76 82
1 15
7 68
7 34
2 8
40 66
21 66
7 73
11 51
0 63
94 44
6 92
16 2
44 18
23 91
29 45
85 14
8 15
81 61
2 20
26 19
0 96
57 60
23 2
93 37
75 5
31 35
70 21
62 20
0 65
52 15
56 38
61 24
24 6
24 32
2 42
8 5
22 45
48 45
19 70
94 84
34 95
69 60
64 27
49 41
66 73
3 12
14 27
17 94
84 41
83 5
92 13
47 95
42 63
6 19
89 17
91 92
68 9
71 83
87 34
22 25
82 3
89 69
31 18
56 75
40 52
7 16
18 9
63 80
80 19
78 94
63 82
83 22
23 43
42 81
38 41
80 60
76 36
30 18
35 55
7 4
28 31
23 82
29 46
73 80
36 37
21 24
32 46
91 29
90 77
30 73
47 81
52 63
24 1
84 72
18 52
22 19
96 50
64 94
37 8
45 7
26 25
98 75
88 89
98 30
45 82
86 59
45 90
49 45
51 21
22 18
73 92
76 51
44 72
69 57
91 50
6 6
82 47
50 58
90 31
9 36
8 44
38 80
24 8
49 47
27 67
50 89
22 26
2 93
52 78
87 85
65 65
77 80
53 82
52 98
28 24
83 87
55 5
88 58
48 11
77 35
9 62
85 31
23 11
23 31
52 36
5 8
5 77
98 25
33 35
25 94
57 27
41 51
39 94
77 96
9 10
91 39
2 55
14 2
98 7
88 48
88 34
89 30
53 54
67 70
4 26
96 58
1 34
59 57
30 22
88 67
99 91
35 83
92 74
69 2
33 42
68 85
57 80
36 33
51 28
11 2
24 99
98 14
45 7
36 64
13 59
11 29
74 36
76 17
81 7
88 9
82 15
60 84
1 33
92 47
37 34
76 37
39 78
71 31
7 15
65 88
93 91
74 49
26 33
75 23
88 57
81 49
99 27
16 8
13 6
41 11
21 50
67 52
40 14
66 56
8 62
93 46
16 59
18 71
43 44
16 76
12 14
68 25
99 19
11 53
34 35
42 10
6 14
11 54
2 40
36 14
64 51
25 45
52 23
19 88
82 28
38 13
3 24
6 50
34 28
81 76
22 72
92 39
28 43
29 43
83 76
12 39
92 28
92 89
47 95
96 67
25 16
5 97
60 84
31 83
52 69
51 92
51 57
31 6
59 84
96 48
86 98
63 81
6 39
79 75
67 43
10 21
62 9
42 20
95 9
14 60
1 21
37 81
8 50
6 96
99 59
81 23
3 98
68 32
88 65
66 62
22 50
60 72
75 79
93 39
4 5
71 29
29 3
42 15
96 94
69 39
84 54
75 23
2 24
44 62
16 25
52 6
10 25
55 94
50 34
93 0
67 94
92 51
48 0
99 99
5 58
49 77
78 31
59 25
3 7
51 21
4 9
62 56
74 60
6 98
33 81
39 82
76 54
2 97
2 4
28 29
34 26
14 98
49 47
5 39
42 68
20 68
63 76
47 23
74 99
6 77
10 38
46 22
75 79
76 16
35 75
72 27
35 38
7 97
61 73
44 0
3 79
91 8
68 53
12 43
86 42
83 2
92 51
23 54
56 86
20 34
59 77
67 47
40 17
45 86
43 40
29 4
51 68
14 92
97 5
88 52
66 72
72 53
91 9
38 5
27 10
86 26
79 41
6 4
33 45
15 85
57 55
71 44
36 78
74 80
89 0
96 11
90 63
17 27
55 0
10 67
77 9
99 73
5 5
73 7
78 48
18 59
32 24
39 75
87 43
2 13
52 77
15 11
46 37
40 91
59 51
55 89
12 89
59 5
75 7
39 26
23 15
58 19
29 25
56 10
21 81
64 6
90 42
14 1
38 7
26 97
82 92
10 50
86 79
37 61
95 56
37 59
28 82
46 21
6 38
75 59
96 97
72 23
11 73
53 27
87 36
14 5
97 53
71 58
1 63
82 25
3 99
22 34
6 4
3 98
21 49
68 28
26 83
43 4
83 51
47 0
95 10
6 88
45 71
21 14
79 73
13 29
33 18
39 6
51 31
20 61
65 45
98 49
69 82
69 34
10 92
5 85
79 63
18 97
66 50
5 17
18 64
91 46
91 63
24 23
4 53
34 66
93 13
53 16
3 28
45 44
93 16
26 48
76 20
3 92
68 34
55 23
4 78
19 28
76 91
4 97
58 59
84 50
63 82
46 51
51 3
79 74
66 47
31 80
0 93
57 50
20 98
30 53
68 9
6 5
56 58
64 1
88 49
19 87
58 48
81 5
21 12
17 45
94 44
99 33
17 42
15 54
92 92
74 54
26 38
36 87
95 28
11 2
13 47
62 40
2 11
50 91
0 79
13 88
78 36
67 24
5 19
54 33
53 34
64 2
74 97
32 61
25 29
77 96
75 96
10 42
43 38
35 80
30 80
27 43
80 23
31 95
98 91
89 29
40 9
92 1
92 73
91 24
42 96
52 39
61 25
99 39
1 70
47 76
30 78
60 35
98 41
74 17
39 83
45 28
83 76
13 84
76 8
20 19
78 34
50 84
6 82
8 58
92 16
16 39
68 91
55 59
26 61
4 23
88 35
21 93
52 97
4 78
34 60
64 2
25 83
39 43
64 39
22 68
64 54
30 62
65 21
61 59
94 93
55 39
89 11
22 69
10 66
32 4
62 10
74 37
79 19
84 58
34 16
64 15
66 64
39 64
19 25
70 92
93 47
48 88
2 59
60 75
53 85
22 13
32 22
47 69
64 90
1 31
68 21
71 29
44 68
76 26
47 11
9 57
83 40
34 55
99 14
22 7
12 56
58 49
4 84
14 53
41 43
65 61
62 49
46 46
43 52
72 90
49 42
51 30
88 88
47 15
72 30
0 46
49 19
79 84
51 99
20 57
32 68
44 73
0 49
74 12
76 74
76 58
6 67
75 3
64 79
83 44
93 49
0 43
23 16
45 55
27 28
45 26
95 51
96 53
78 21
6 25
85 28
31 98
80 23
34 9
3 4
63 74
50 0
59 66
30 62
50 21
38 15
12 83
16 53
66 51
9 21
39 89
80 11
71 32
85 28
20 59
57 25
95 70
79 94
28 59
26 68
99 42
2 92
18 28
85 1
61 79
19 89
45 86
35 90
84 86
79 59
0 14
14 4
46 55
1 1
65 79
4 91
99 35
57 79
66 10
20 97
43 4
53 84
63 46
92 71
19 8
8 43
14 73
94 10
73 81
82 7
30 25
18 83
39 47
85 44
37 84
43 39
96 62
72 87
46 41
90 24
48 40
30 30
79 48
81 10
59 97
7 85
96 42
93 35
6 54
88 78
47 86
69 68
1 13
14 66
85 89
33 62
30 24
87 86
51 99
59 46
9 42
9 31
43 88
81 13
38 24
49 94
23 64
82 24
22 14
73 41
45 52
24 29
54 59
70 64
57 63
13 60
18 88
2 21
54 97
39 11
99 90
32 56
97 11
98 19
86 48
87 84
66 5
69 77
63 6
83 40
70 87
89 33
75 32
52 59
90 17
49 30
14 12
17 80
10 63
65 1
74 95
78 55
27 33
35 89
22 24
82 6
66 63
69 13
56 1
38 60
50 38
97 10
27 40
0 2
78 66
63 53
57 59
17 33
48 67
90 23
90 29
71 9
64 28
31 52
28 83
20 65
75 62
1 23
41 60
93 13
88 50
4 96
68 13
55 83
58 47
66 69
84 2
2 82
20 33
57 74
83 59
77 34
80 5
43 13
17 47
24 90
37 50
68 86
26 84
98 25
25 93
96 92
8 49
79 14
3 2
22 2
6 8
3 11
22 57
38 27
6 41
1 61
92 82
63 19
76 97
61 31
24 38
78 88
57 40
50 6
53 8
37 98
69 34
5 96
61 24
65 82
49 75
84 10
66 43
1 23
86 71
44 92
40 57
41 92
88 75
15 89
49 34
44 28
36 37
75 72
68 53
74 30
46 76
81 73
43 36
91 97
83 22
31 22
60 38
82 10
8 9
59 6
48 8
18 92
93 46
21 13
87 5
40 63
52 1
81 5
46 78
3 46
48 90
50 15
85 14
27 48
22 98
76 56
41 2
99 96
87 52
63 9
4 51
75 5
15 0
54 48
75 31
47 43
24 48
86 24
51 60
5 19
21 22
48 24
1 69
59 47
20 72
42 69
40 39
55 19
73 19
58 96
3 69
93 93
40 59
97 89
69 32
9 3
54 58
69 50
3 36
70 88
85 16
8 60
98 65
88 70
19 34
27 66
10 43
47 47
51 52
96 29
96 99
62 15
29 45
53 58
65 44
68 0
65 30
98 32
84 34
50 94
40 11
83 57
51 50
43 84
70 45
43 94
87 4
87 13
9 47
22 60
76 44
25 67
68 46
65 55
10 65
82 63
77 48
56 27
19 29
87 55
1 92
15 42
47 35
42 83
82 61
90 51
70 68
74 9
60 95
75 86
97 19
86 85
33 5
0 14
50 0
10 49
35 69
70 94
47 97
82 54
94 73
12 85
19 88
81 81
27 68
46 69
9 34
35 40
62 64
46 47
87 28
80 26
24 46
82 18
72 33
27 54
14 70
63 32
66 93
15 13
17 88
72 0
13 64
66 39
48 43
10 6
46 20
29 78
77 61
5 70
9 67
97 51
69 61
65 81
36 46
73 63
35 32
39 95
86 73
81 35
60 17
87 59
84 64
89 4
58 42
81 93
23 35
76 12
41 20
57 43
20 23
85 0
4 14
5 57
43 99
81 16
98 23
91 26
33 56
56 38
90 11
29 84
50 86
16 79
74 50
59 16
87 45
17 60
13 70
20 7
77 64
67 38
77 28
85 78
64 41
94 18
54 54
85 91
1 75
1 58
97 80
39 82
13 43
96 78
2 30
75 57
19 64
6 96
78 24
78 77
90 74
63 49
54 18
68 50
28 7
11 30
2 33
85 78
45 61
81 68
70 92
82 67
6 9
61 20
1 99
96 69
30 20
91 75
49 44
80 17
57 96
62 75
0 29
30 92
44 56
2 4
74 43
97 53
54 85
30 76
68 38
48 18
45 89
38 44
59 67
4 0
54 36
34 44
95 16
56 36
69 58
50 3
61 32
64 82
46 91
76 33
34 52
58 14
35 71
29 71
93 19
4 26
59 31
72 27
49 3
96 70
29 14
49 49
36 6
71 12
10 4
95 67
33 81
99 92
43 34
86 9
51 92
97 44
53 28
54 14
12 25
30 9
99 45
23 30
95 37
90 81
16 79
79 17
98 58
61 79
49 21
35 82
24 7
77 90
23 23
58 66
28 82
55 90
0 53
28 37
53 25
45 18
37 80
56 65
48 46
13 20
79 88
62 82
25 47
93 16
34 20
58 15
94 67
17 1
91 49
52 95
90 35
5 2
24 87
50 57
63 1
12 47
94 39
89 37
26 53
69 30
54 3
64 92
69 35
78 50
41 26
15 72
40 90
88 71
99 89
53 82
13 44
89 44
65 50
70 79
89 63
54 59
26 33
15 71
66 34
13 65
22 50
37 32
24 10
63 43
58 85
89 92
20 54
31 82
38 50
23 43
1 47
2 84
35 18
50 90
57 9
81 93
17 35
2 47
61 40
15 91
6 88
47 15
4 39
72 87
29 39
99 2
72 97
58 5
4 72
43 58
37 99
92 3
15 73
63 21
52 91
42 75
23 88
45 10
38 4
27 1
67 95
82 96
3 67
79 10
66 29
97 23
59 4
69 15
11 67
66 65
96 31
26 11
92 87
72 43
85 44
28 89
84 48
88 37
85 11
4 3
93 92
48 33
66 20
16 69
10 97
96 92
47 25
65 95
74 65
49 80
71 19
54 2
19 97
97 72
67 73
20 44
32 50
64 76
59 36
89 93
55 23
98 18
13 0
37 14
36 12
90 94
37 49
3 42
88 27
57 87
20 27
33 12
3 66
13 39
62 39
60 67
31 82
54 27
63 44
73 9
51 98
49 56
89 19
18 68
81 96
80 0
77 75
62 8
35 12
95 83
90 6
13 90
98 88
74 11
25 6
49 4
2 39
40 80
87 72
95 87
23 43
78 36
89 12
43 16
96 44
10 0
47 80
52 15
87 72
5 25
78 60
25 11
42 89
45 44
83 45
11 64
21 49
27 55
69 99
60 8
93 59
86 26
66 29
25 82
38 35
54 98
63 17
77 30
3 90
79 65
16 5
20 47
17 76
40 52
53 19
13 75
11 0
56 24
67 17
68 51
1 95
99 98
11 74
29 44
20 21
86 64
54 80
67 71
27 95
87 97
32 20
18 31
73 55
14 72
25 37
94 65
61 47
79 57
43 25
21 59
37 43
46 62
86 26
40 94
12 58
13 56
54 46
71 6
76 57
90 72
77 8
1 26
81 96
70 79
71 29
41 33
72 95
3 86
92 28
80 90
36 58
55 70
97 34
88 17
60 81
74 37
83 46
70 84
62 61
76 39
62 3
29 11
50 25
33 98
43 65
5 88
6 70
19 15
23 15
29 4
36 83
28 15
21 28
30 44
51 2
69 83
44 25
5 88
38 93
44 32
0 77
53 36
35 78
11 3
52 50
74 54
89 64
10 22
70 57
23 66
94 27
53 21
2 37
38 18
42 8
12 54
50 1
10 70
10 79
66 49
33 25
84 49
14 35
42 13
92 33
79 25
52 57
97 6
8 75
78 35
6 17
9 37
34 32
10 41
92 12
51 39
33 26
65 15
43 52
83 77
40 85
73 55
20 51
3 90
61 1
26 64
55 53
7 24
19 94
4 27
84 65
4 59
13 97
47 37
54 84
84 74
29 0
60 6
6 22
4 96
50 9
67 49
17 18
79 25
62 44
92 54
95 66
56 2
25 8
32 19
93 74
3 68
92 62
18 15
24 84
0 85
55 19
63 86
91 35
27 54
47 24
85 3
9 60
75 64
8 61
46 17
16 82
91 91
24 52
66 6
91 39
24 54
11 77
64 59
90 29
21 64
9 49
17 74
81 98
89 72
63 20
59 6
20 76
0 79
42 72
12 55
70 63
6 65
46 93
33 67
61 46
27 75
44 20
99 54
12 13
98 32
77 7
61 51
77 37
14 3
21 29
8 61
63 6
76 90
13 7
46 3
97 0
47 11
10 71
27 49
37 80
62 10
99 40
19 32
62 56
17 8
58 16
90 38
42 38
29 67
52 49
98 7
29 94
47 32
44 93
45 53
37 55
45 15
32 66
21 53
27 70
26 38
77 91
10 24
28 67
92 38
30 81
67 43
30 33
25 1
85 11
46 79
31 2
39 91
37 94
99 2
34 26
51 41
57 73
36 8
73 47
27 49
36 90
44 59
44 39
12 19
91 39
4 59
80 34
73 49
66 59
5 87
13 16
41 69
35 10
85 66
44 80
25 46
17 29
37 22
58 44
4 22
42 23
44 13
51 6
1 75
62 25
35 3
72 80
76 9
38 11
87 93
78 41
10 82
78 72
70 22
0 22
28 50
79 3
38 12
85 50
84 87
58 52
73 31
24 99
33 86
19 79
23 7
54 23
6 44
83 98
47 33
71 99
46 79
66 77
11 81
34 79
11 74
9 93
15 7
92 68
22 96
53 47
26 6
89 25
69 90
47 36
93 48
79 70
85 20
90 11
65 68
17 84
68 96
32 31
73 51
5 23
53 35
5 5
38 47
47 59
55 14
14 20
74 82
8 84
38 58
28 29
54 1
99 97
13 81
30 43
44 71
99 17
32 3
67 11
57 6
91 49
48 45
53 37
11 37
13 91
59 9
51 13
12 68
83 67
97 28
0 31
34 26
49 9
37 71
18 81
89 42
29 64
4 19
20 7
73 99
90 97
41 97
84 45
61 73
82 49
39 7
62 97
72 65
8 7
71 12
30 89
96 5
78 83
39 72
30 79
42 41
12 78
4 46
10 1
64 71
15 47
57 20
59 69
67 20
99 95
6 3
32 77
85 93
94 66
6 75
56 92
52 91
91 25
4 51
70 15
5 75
39 42
2 44
23 69
73 11
87 2
46 90
44 12
80 31
4 14
51 74
93 18
85 61
10 38
62 10
96 21
15 49
22 25
22 23
48 47
0 46
80 35
26 89
42 55
53 23
81 42
59 47
62 54
71 19
97 65
28 57
43 42
8 9
71 32
65 4
15 51
35 49
89 15
84 54
24 29
91 29
1 11
43 43
39 27
56 48
86 31
56 29
55 35
47 27
35 79
79 5
31 51
13 67
2 37
88 71
53 54
68 64
15 87
50 82
27 25
70 89
83 3
60 2
70 47
44 90
33 59
8 80
57 17
24 65
80 41
68 69
39 74
36 61
15 24
91 51
51 29
56 2
36 65
26 83
49 22
59 43
30 43
32 86
84 80
35 31
91 83
57 8
58 98
29 73
2 45
44 44
26 17
74 31
34 5
33 90
43 64
68 50
93 48
27 83
86 65
98 1
78 28
87 20
72 29
96 38
48 91
20 87
25 96
0 8
9 32
97 69
58 42
64 91
35 32
38 66
67 55
45 66
58 83
22 41
66 64
73 84
68 77
26 81
47 63
90 52
60 58
61 41
62 83
53 38
40 37
71 5
53 34
92 8
86 37
23 6
55 93
40 21
15 31
72 58
77 48
20 1
99 41
7 30
44 43
92 10
31 11
99 34
25 42
71 89
95 88
84 60
36 6
98 83
52 94
97 58
30 42
78 45
79 91
10 95
52 7
22 53
8 84
99 58
93 52
94 94
21 82
35 11
72 83
89 55
48 80
41 20
39 61
68 97
24 19
82 98
21 86
93 25
44 94
73 89
53 95
25 27
11 39
98 75
77 34
11 9
46 88
8 89
32 18
79 20
34 90
63 37
48 20
79 43
19 29
27 3
61 64
9 79
17 93
67 36
91 65
74 69
63 91
2 14
92 88
77 32
12 74
61 49
84 82
30 74
20 47
64 83
60 45
4 28
33 22
64 45
11 8
40 47
91 39
92 41
92 40
83 35
42 21
17 6
6 31
48 8
76 94
51 15
22 92
55 36
92 49
15 28
61 21
84 6
93 31
80 58
99 36
62 54
77 63
1 16
45 59
84 83
55 86
26 53
40 81
19 88
37 75
71 43
84 30
29 0
10 7
67 91
2 70
32 33
45 39
86 22
62 55
1 96
32 21
52 22
98 50
70 20
82 47
56 55
49 18
85 63
21 88
18 30
44 94
23 68
49 65
77 73
69 98
17 59
91 41
97 49
71 1
66 56
83 53
54 95
51 30
39 20
79 37
67 40
98 90
17 75
97 5
40 22
73 32
95 40
89 65
25 0
24 30
10 3
69 66
17 1
39 5
63 14
11 98
75 85
24 0
76 57
43 68
77 54
67 94
47 59
26 94
0 41
12 59
89 26
80 28
65 43
56 79
77 11
54 56
75 1
73 63
47 35
73 73
90 28
74 14
69 23
37 34
50 78
84 74
9 73
23 33
78 98
31 49
85 25
48 46
94 28
54 44
22 53
87 16
77 3
35 22
37 58
3 76
71 49
75 54
53 80
86 53
40 78
56 69
39 93
76 8
59 73
66 38
13 7
58 42
69 10
53 6
11 42
43 85
91 30
82 76
57 35
95 67
31 31
10 29
71 71
94 67
0 81
66 65
76 77
97 1
65 14
53 49
68 43
50 71
35 39
89 75
69 82
47 35
32 41
62 9
33 3
36 54
72 69
33 10
55 66
26 96
27 55
50 27
62 47
28 89
61 55
3 47
21 12
85 93
89 31
7 16
90 49
35 49
35 86
40 51
38 28
70 0
50 69
49 16
2 25
48 7
26 65
61 52
97 10
55 26
11 58
30 22
88 92
42 72
45 55
46 94
65 5
31 3
94 68
50 81
77 36
94 38
55 58
50 11
25 8
45 93
79 82
6 23
25 1
71 92
26 99
40 75
24 58
85 4
87 95
72 53
57 93
24 37
2 94
87 39
86 62
52 98
31 3
36 16
79 32
50 88
30 45
98 89
19 66
48 80
21 36
60 88
96 92
31 72
89 1
75 12
38 12
44 94
45 53
76 52
80 25
80 85
13 90
51 60
3 99
6 53
52 73
81 7
28 21
22 56
35 46
43 3
62 85
32 40
60 35
73 15
34 8
69 82
27 70
60 40
74 43
62 94
4 63
64 53
39 47
6 48
91 62
46 79
15 94
65 44
15 91
31 49
71 96
64 95
24 85
36 10
53 71
82 44
34 97
92 70
64 32
70 48
43 22
25 65
71 76
2 23
84 63
48 27
30 90
90 12
21 10
20 45
5 11
47 61
60 37
70 95
14 18
40 4
74 68
16 51
24 12
76 39
2 64
41 49
34 11
6 74
68 55
75 49
44 75
8 80
71 13
98 91
27 2
48 9
0 8
42 23
44 13
59 35
5 10
21 77
25 64
85 92
47 66
54 19
36 63
25 49
88 94
31 18
78 68
36 98
69 28
20 24
21 38
30 60
97 88
54 1
90 12
70 26
36 24
1 14
60 94
32 57
25 84
82 28
67 87
17 88
61 74
89 31
58 30
9 80
78 19
64 72
65 2
14 81
53 49
51 90
76 41
35 75
68 91
18 74
2 81
81 38
56 36
78 75
42 90
25 34
48 96
36 71
70 97
40 4
72 64
28 63
63 96
50 83
0 22
36 63
47 60
56 52
30 4
43 88
75 70
14 78
71 81
6 4
41 86
50 55
7 27
18 42
15 71
66 74
0 95
19 68
42 89
78 46
63 2
59 63
8 10
15 9
48 38
73 42
63 9
81 75
1 64
22 66
7 66
10 82
18 24
8 55
16 80
25 81
64 32
30 83
41 65
81 70
5 37
53 14
66 90
83 79
61 44
43 4
63 64
56 94
33 30
70 54
39 72
48 28
39 56
13 96
90 17
67 82
7 48
96 46
99 8
76 27
97 99
31 15
55 71
9 99
89 1
94 53
36 87
37 39
97 12
28 78
19 96
38 43
15 81
0 25
63 65
56 59
48 0
66 23
75 45
59 71
98 64
28 35
12 99
93 75
79 38
46 2
41 19
66 63
87 10
57 67
36 43
57 28
54 57
85 80
60 63
62 57
36 49
7 48
89 37
87 43
55 79
32 31
86 58
62 34
85 51
52 13
11 47
58 61
87 44
12 31
96 88
50 54
11 54
96 32
37 17
0 27
63 10
41 57
99 36
46 18
99 22
56 70
37 5
73 99
15 10
66 83
52 74
29 33
31 48
10 88
74 7
19 92
74 17
18 5
72 99
12 97
55 10
2 2
5 24
62 92
11 39
20 40
81 55
82 78
36 35
94 46
2 58
5 9
55 82
67 22
50 41
25 27
40 2
10 38
90 6
91 39
73 83
73 31
49 25
95 17
67 59
47 1
3 84
61 98
8 62
47 89
23 47
96 6
42 95
59 33
18 65
29 81
2 66
46 83
6 21
29 59
58 63
62 34
11 7
96 24
68 49
10 40
33 21
39 16
16 49
86 3
64 74
59 4
35 47
86 80
50 46
87 87
14 29
51 31
41 76
94 62
31 35
98 13
34 19
42 80
16 0
82 96
80 89
98 39
98 23
62 39
63 47
45 97
72 7
53 31
57 59
10 32
97 20
40 3
0 16
2 67
93 47
32 17
42 22
77 94
93 26
38 35
71 59
21 66
98 86
97 75
71 75
76 98
30 35
95 67
50 9
59 23
63 32
12 33
34 0
94 26
14 92
61 72
24 71
37 45
62 90
38 58
11 98
66 37
58 21
40 56
56 15
20 43
46 29
85 77
92 77
93 98
91 93
75 51
81 96
25 98
94 10
85 76
21 54
21 4
9 82
50 82
33 99
5 60
55 83
7 36
4 19
55 54
50 4
13 31
50 91
58 2
92 79
5 85
61 56
0 32
11 98
83 90
19 20
8 56
4 77
91 66
2 83
40 82
21 2
31 0
59 75
47 8
23 98
91 66
39 4
25 63
25 45
91 78
97 85
58 58
74 29
77 11
2 45
75 15
27 39
9 10
48 46
82 84
47 33
91 98
48 50
32 87
5 42
84 49
63 21
34 70
78 93
88 84
5 68
1 1
92 63
85 6
41 30
20 38
60 92
80 54
58 65
30 40
80 43
95 24
2 13
46 41
58 95
45 84
89 2
61 90
8 62
22 27
42 65
63 59
22 85
18 68
26 42
35 96
3 34
14 93
8 25
50 98
27 93
24 79
19 13
8 88
63 95
38 42
75 12
87 46
61 91
62 70
57 94
34 81
64 76
89 3
62 13
75 45
94 88
55 62
8 90
2 38
13 56
42 78
9 86
8 12
1 25
24 16
69 18
92 63
17 96
92 98
56 53
57 35
66 43
65 20
14 9
78 64
10 7
69 27
62 89
48 76
66 40
3 92
0 65
12 20
49 64
18 83
71 68
39 27
50 32
32 69
51 97
40 3
74 49
75 41
3 7
38 42
48 24
28 44
1 42
7 78
11 10
19 25
29 7
74 61
20 61
97 22
42 36
73 66
57 53
10 69
17 14
48 18
67 0
15 15
3 4
28 5
89 75
40 84
7 39
49 90
79 71
51 14
63 92
33 46
44 25
11 18
34 67
59 65
12 34
71 74
24 96
68 15
66 99
81 49
30 13
33 41
67 78
51 49
69 54
47 45
49 7
9 56
40 17
86 50
37 20
92 52
63 82
27 34
90 62
1 39
69 72
97 22
52 30
36 88
2 62
20 77
90 81
90 52
61 27
25 17
59 27
3 41
32 46
12 65
9 44
49 98
79 75
54 85
70 78
11 85
49 44
63 70
45 93
98 28
47 52
42 27
99 59
16 98
27 24
4 89
71 60
28 67
66 33
92 95
21 48
63 63
14 43
61 26
28 63
2 43
25 29
43 15
72 24
66 1
60 7
90 32
56 67
39 81
49 47
38 91
5 30
77 31
17 96
6 95
17 81
26 74
7 19
12 61
93 66
14 97
59 4
35 0
40 21
65 36
96 1
61 30
54 53
25 99
58 56
29 69
26 5
85 3
17 99
2 26
80 96
11 55
0 11
74 9
35 82
87 25
91 35
36 38
32 81
2 34
89 61
39 54
62 97
56 65
67 36
76 45
12 99
66 45
7 12
84 86
50 14
73 98
2 72
80 97
71 17
29 68
11 35
47 0
69 87
98 65
45 80
72 66
1 63
79 26
57 43
16 35
27 48
14 6
77 26
16 91
0 99
17 62
38 28
78 34
86 44
36 26
27 37
99 49
26 8
37 54
36 23
95 8
40 90
95 54
48 95
9 19
77 33
67 99
99 2
91 97
23 39
14 8
33 65
43 35
65 30
88 14
85 98
21 66
95 78
55 16
27 28
63 93
32 32
6 96
11 10
23 72
83 14
99 59
3 73
96 71
61 20
69 85
93 94
97 84
98 53
59 23
78 97
57 1
23 44
15 63
0 25
17 87
6 11
19 96
89 28
22 86
22 15
76 75
94 28
40 10
51 94
94 67
77 93
43 75
8 16
2 70
12 4
90 50
29 79
60 22
96 12
27 51
57 16
28 53
42 31
69 9
28 19
41 5
89 94
83 28
46 6
98 84
5 58
34 14
86 34
91 9
6 63
62 18
4 92
66 46
4 29
45 56
27 10
67 52
84 62
42 84
56 0
55 66
25 85
12 42
14 96
15 54
88 39
77 47
36 22
26 82
63 60
72 35
18 24
69 52
92 82
31 41
96 27
22 39
95 71
65 75
45 20
17 48
91 13
68 47
57 49
95 14
21 86
89 10
68 53
95 46
83 22
96 49
53 83
67 51
87 50
4 31
48 36
80 43
45 52
73 69
40 20
57 89
57 52
16 58
9 89
88 33
83 74
93 95
79 68
50 83
93 83
18 76
53 70
38 56
68 71
97 41
83 20
49 15
35 29
74 30
5 32
13 9
94 45
19 16
94 49
21 74
49 9
98 54
26 23
19 30
19 73
95 8
92 37
3 64
35 0
31 27
20 81
57 99
74 0
45 59
14 36
55 92
43 30
49 15
93 63
8 33
46 79
88 53
97 95
2 69
85 8
22 24
50 73
37 86
90 88
17 48
23 99
50 1
79 92
79 61
20 29
81 34
40 66
43 40
32 21
91 89
29 11
28 41
23 84
89 50
94 42
16 87
69 87
94 90
73 32
35 35
66 31
37 60
15 95
30 46
96 45
5 81
59 23
68 78
68 90
40 68
22 53
37 25
68 48
37 14
61 74
9 58
90 79
65 63
94 17
61 58
84 65
69 91
19 40
35 48
75 3
42 6
90 96
45 21
33 33
12 86
91 94
31 97
54 22
12 63
85 98
93 72
62 54
99 70
66 20
33 70
69 74
4 99
62 30
83 43
74 96
82 80
31 52
6 96
81 44
83 73
12 60
50 68
57 84
34 51
38 98
33 12
11 88
94 36
54 40
29 44
5 63
64 2
94 99
13 12
27 33
74 96
79 45
67 99
29 30
2 72
24 33
51 87
87 1
67 39
30 58
71 83
68 27
37 16
42 4
70 12
16 80
4 1
43 46
53 32
38 6
29 96
65 38
12 50
87 41
40 23
34 40
6 64
73 20
63 80
89 87
37 8
68 46
13 18
6 78
23 44
76 26
88 43
43 45
80 69
65 68
48 32
31 26
38 40
94 42
66 52
61 56
15 56
71 28
38 37
89 75
2 58
35 75
18 70
64 38
23 25
75 82
88 3
59 75
74 2
73 28
63 80
4 75
44 61
77 59
35 46
25 91
86 74
4 45
8 20
78 20
19 41
36 50
48 3
15 36
99 26
49 87
90 6
41 55
7 66
7 42
19 56
64 68
78 36
5 24
13 69
51 85
23 53
63 45
3 92
8 10
72 29
25 95
74 72
15 33
92 99
7 20
63 75
8 27
58 37
27 75
3 53
34 75
25 10
10 75
53 95
92 14
58 6
7 32
72 77
16 30
97 61
30 64
63 75
3 87
12 44
23 96
78 5
23 55
25 67
56 16
92 95
41 23
28 65
98 14
23 18
83 83
56 67
57 91
70 20
47 79
97 37
11 21
59 16
34 9
32 96
85 51
65 36
78 96
63 58
66 61
64 50
72 55
81 9
34 49
64 3
54 22
48 41
45 87
58 75
95 4
58 13
9 30
83 27
38 12
19 82
79 60
50 57
51 93
25 92
11 90
46 80
18 21
6 23
71 69
46 29
50 2
94 43
8 7
72 35
11 4
19 12
69 4
98 19
8 28
11 31
62 70
8 29
18 37
86 99
43 77
84 22
63 41
33 57
94 7
20 24
96 56
36 69
69 89
48 13
79 81
40 86
69 80
65 32
78 47
10 62
40 57
87 26
6 54
14 40
76 54
72 18
13 76
9 16
77 47
27 6
80 92
52 62
39 49
58 92
10 18
38 15
9 95
0 42
7 89
46 82
64 80
32 38
26 87
55 29
22 77
24 95
44 53
94 42
84 9
82 10
70 1
11 38
32 41
87 29
6 81
13 57
67 84
55 63
19 35
33 96
0 21
50 7
53 43
87 54
7 60
94 81
98 99
69 60
84 51
3 80
28 20
74 85
26 3
93 70
56 18
4 18
8 17
38 94
72 28
58 71
54 42
37 93
50 5
99 51
45 55
64 9
75 48
94 56
79 41
20 62
17 53
44 2
68 78
15 72
82 26
80 75
60 26
48 66
30 63
26 62
91 11
40 98
5 94
80 80
68 10
33 71
66 44
60 72
78 84
98 50
41 42
93 32
66 26
55 13
27 5
81 86
62 89
24 87
84 38
76 41
59 54
87 25
80 50
40 29
93 51
59 67
31 68
48 82
6 20
37 73
7 46
5 29
2 87
71 42
2 84
40 1
26 21
28 77
17 81
14 16
36 66
29 55
10 47
37 8
17 25
39 82
91 91
46 42
83 46
22 29
89 83
98 2
36 30
92 78
90 99
43 89
65 54
96 74
56 13
57 6
3 29
24 37
12 33
55 53
10 5
44 40
99 13
18 95
56 70
72 72
56 57
42 16
35 76
74 49
24 48
48 20
28 55
49 65
84 10
96 3
21 46
95 93
63 32
9 45
56 65
88 32
89 23
20 78
66 25
28 96
90 57
89 3
61 28
57 18
77 54
71 43
53 47
55 70
97 89
91 27
31 11
11 25
11 53
4 98
9 68
89 25
41 64
1 50
32 13
89 77
33 83
89 37
75 61
98 14
29 84
51 29
49 35
42 79
29 58
88 45
86 44
39 78
51 45
12 73
39 40
69 85
18 99
1 26
89 8
49 62
7 36
21 80
38 43
36 19
94 99
76 66
49 88
18 22
39 31
21 25
12 13
16 14
43 24
96 61
29 12
66 13
91 87
7 58
62 69
74 64
80 61
82 17
76 77
27 22
9 72
4 37
13 38
7 29
36 32
41 74
26 1
57 27
61 95
86 17
49 54
59 58
2 77
19 38
52 23
86 32
46 2
46 21
37 22
37 56
41 87
74 42
79 70
58 92
41 73
81 25
60 42
52 77
96 70
18 42
25 42
10 43
48 14
35 30
75 76
67 54
14 71
39 16
18 20
23 93
39 21
50 89
53 44
41 58
78 15
8 88
7 86
67 64
68 48
2 99
89 17
76 36
99 87
25 96
42 87
7 41
15 59
93 1
53 14
97 64
48 39
0 49
47 6
55 73
70 67
52 72
34 97
1 16
84 86
60 59
75 79
12 40
42 58
87 25
53 34
25 88
86 59
4 71
51 63
88 41
3 21
96 37
70 99
37 33
77 45
75 91
49 36
71 27
6 43
48 10
39 29
44 85
56 75
44 16
1 85
78 64
61 76
55 31
17 53
37 56
30 92
15 95
20 73
3 29
13 27
63 75
37 91
71 67
39 75
81 24
3 68
90 3
58 57
20 97
31 17
45 11
15 7
95 44
48 3
52 70
17 7
97 92
65 16
77 46
93 99
19 41
67 12
47 13
20 36
92 60
64 20
92 92
85 57
4 32
25 14
56 71
20 70
53 38
45 67
59 95
63 74
1 33
31 88
30 10
61 8
47 55
4 98
39 19
6 63
6 90
7 94
73 11
4 51
44 4
28 50
0 45
42 49
76 71
37 38
11 71
35 91
64 62
36 87
97 2
63 34
72 30
82 67
19 30
7 77
21 26
65 99
14 24
72 89
71 40
56 68
85 3
88 15
68 5
10 27
75 51
57 92
46 45
39 61
3 33
76 57
9 52
6 59
98 89
43 47
83 35
24 95
73 70
75 1
86 89
75 93
0 38
66 21
50 66
64 75
89 51
75 55
44 7
34 38
46 23
61 98
19 96
13 98
14 36
68 93
23 93
80 66
93 25
92 51
73 41
43 42
64 8
20 55
97 94
97 51
6 38
48 33
24 44
23 99
13 26
55 15
22 77
39 94
66 6
78 4
86 63
94 34
76 60
71 29
17 62
75 52
17 43
43 99
54 41
22 52
58 55
8 46
4 46
66 65
18 69
88 18
58 99
35 59
94 56
40 64
59 70
80 91
44 37
29 93
68 29
10 18
0 72
79 55
25 79
71 30
42 96
97 51
8 97
80 24
78 39
23 5
20 22
24 93
39 52
44 3
35 96
19 57
75 16
4 63
52 40
68 19
21 97
99 83
22 50
79 47
48 14
96 80
67 34
20 18
81 44
39 1
98 5
13 69
48 91
31 72
58 98
32 58
27 79
5 12
64 61
79 42
75 48
15 41
45 35
6 97
70 34
14 10
6 0
57 54
7 25
64 10
90 3
71 12
26 75
71 57
71 78
92 62
95 1
24 88
5 96
27 96
67 69
17 44
50 33
77 51
95 47
48 23
37 18
61 49
4 79
37 89
87 30
98 31
61 65
44 76
72 1
24 49
88 58
12 65
27 5
38 1
81 76
49 77
26 80
42 41
5 82
59 65
95 52
5 8
57 89
81 51
78 79
67 65
40 40
47 94
41 59
65 80
89 92
80 22
94 43
86 27
34 1
10 65
88 96
25 55
18 20
56 71
30 1
98 52
88 43
19 99
39 83
16 72
69 8
70 64
84 66
65 53
83 82
40 85
97 54
34 6
5 30
74 85
41 87
19 22
19 31
70 39
73 46
85 25
96 59
30 95
13 58
15 65
35 0
86 8
63 67
4 94
5 24
18 96
30 34
68 90
46 57
61 92
36 91
27 26
32 45
19 93
73 69
40 80
99 23
69 7
2 18
75 91
27 97
91 90
94 13
80 10
73 36
69 20
96 74
65 1
34 63
15 88
27 65
40 17
70 48
87 71
97 35
55 41
38 73
43 9
0 80
22 0
91 16
52 40
29 64
89 40
45 64
41 66
48 54
51 2
41 2
90 10
12 27
81 87
27 40
5 15
25 96
28 21
84 34
84 56
13 39
86 40
70 68
4 29
83 87
38 93
55 69
8 52
17 45
55 10
78 11
61 86
85 72
65 32
98 57
55 24
7 58
40 68
32 88
94 2
85 28
67 19
17 66
91 83
85 18
46 31
94 98
38 90
71 60
29 99
26 81
35 87
41 22
39 94
52 94
82 28
81 89
68 12
55 68
1 37
3 20
59 32
71 35
18 49
48 24
84 56
95 31
47 6
83 77
99 88
69 57
56 5
8 55
71 44
52 79
84 72
92 37
57 73
31 24
64 33
19 9
94 73
83 90
59 34
47 50
4 95
16 38
52 15
38 25
38 51
16 0
99 94
19 68
7 16
47 56
17 72
65 2
19 24
94 38
90 36
82 77
34 91
49 63
54 95
90 43
64 8
49 89
58 99
22 22
75 23
58 55
71 76
5 36
88 86
89 51
42 35
82 39
74 60
79 83
31 1
52 29
8 29
72 5
85 5
13 50
24 27
54 70
35 46
32 21
91 70
20 66
98 42
47 95
34 86
11 46
65 41
90 20
96 60
0 93
88 79
81 20
49 64
15 12
65 33
82 47
89 30
30 78
90 48
85 50
27 56
40 29
21 47
5 91
87 53
3 3
91 40
50 41
48 42
50 54
70 11
62 46
39 48
19 80
66 2
39 18
66 96
83 67
47 30
80 99
69 30
9 6
66 33
23 68
48 37
55 30
36 38
88 64
95 49
77 27
23 8
1 29
93 0
15 25
40 63
64 11
66 82
7 2
1 50
9 33
73 92
85 70
36 59
81 91
15 25
17 67
7 50
32 87
50 64
37 97
46 98
52 39
66 0
37 56
33 39
55 80
83 93
17 66
23 38
41 63
85 72
46 76
11 72
68 74
79 90
73 37
91 79
78 75
89 85
66 59
48 67
86 66
71 90
86 32
32 95
3 90
27 21
26 27
80 65
20 52
22 49
2 28
54 66
15 52
55 1
18 28
47 55
98 58
23 72
53 86
14 33
12 98
24 41
41 19
40 11
5 97
18 44
96 15
26 6
46 85
49 20
11 9
47 12
62 69
96 62
33 68
71 46
88 22
27 5
4 80
32 44
46 55
3 56
84 69
81 0
91 99
53 81
47 80
82 28
90 53
46 58
35 80
18 40
90 11
22 51
15 31
49 80
76 60
16 29
86 58
78 5
16 28
84 94
90 45
66 15
36 80
26 90
91 88
50 16
82 88
56 59
65 59
94 97
2 83
27 47
10 43
89 58
22 22
27 37
61 98
97 11
89 98
54 91
20 83
53 22
73 57
45 11
3 40
90 54
69 77
3 61
90 15
34 54
88 73
92 95
35 69
21 98
52 61
16 1
2 22
86 29
79 35
1 89
68 83
43 26
65 72
48 28
53 26
85 40
32 51
29 52
50 77
33 18
98 43
94 92
75 84
29 63
19 44
4 83
89 55
36 82
17 79
59 73
45 52
62 15
78 38
13 63
95 39
45 61
10 88
6 76
64 81
42 62
58 26
66 47
89 52
41 42
62 47
2 26
6 6
65 0
27 30
91 22
20 98
81 71
74 22
99 64
24 85
34 59
63 29
32 41
77 34
6 42
39 42
42 15
66 87
46 99
19 61
5 55
33 94
53 18
54 51
52 9
25 61
31 70
79 80
76 31
57 86
67 41
33 75
7 46
78 28
37 40
1 85
66 95
30 92
17 85
87 54
15 95
35 40
6 62
58 51
39 16
20 23
4 85
35 66
30 21
21 51
55 34
26 93
46 42
97 54
13 75
17 92
31 14
11 74
51 61
23 26
98 63
83 54
17 72
74 80
69 50
60 46
30 15
25 94
53 36
17 38
97 13
95 4
44 90
33 52
3 5
74 34
23 81
85 81
50 51
58 28
85 7
58 61
7 65
99 71
27 16
88 96
73 79
78 38
30 18
4 49
84 91
85 14
56 78
59 39
35 30
94 66
71 77
61 70
19 93
92 52
4 59
38 3
29 69
1 22
33 67
53 41
96 67
65 50
31 34
24 85
48 96
6 27
86 7
45 47
40 87
19 45
56 81
85 71
2 34
69 97
25 69
31 97
93 1
73 7
54 28
29 9
86 95
51 54
85 19
39 92
32 95
40 3
51 30
66 32
6 43
62 78
15 32
83 80
9 49
35 92
60 13
42 26
87 57
33 39
58 3
67 95
2 44
52 53
93 94
52 19
46 89
35 62
5 96
40 14
27 50
19 89
49 14
90 16
13 31
23 83
28 52
4 50
77 55
63 7
15 97
60 23
3 46
16 19
36 72
27 20
79 65
2 62
20 84
89 16
2 89
6 97
15 62
55 4
63 64
16 82
15 62
5 64
75 78
75 39
45 78
92 45
48 10
99 56
75 54
48 29
12 87
70 73
39 33
79 38
83 95
0 9
26 22
57 91
76 3
53 82
98 60
74 65
64 49
4 22
77 55
35 47
81 32
78 11
84 0
61 23
9 92
43 65
13 73
8 11
37 87
1 90
65 75
2 84
6 37
10 25
58 86
1 31
63 89
66 28
34 5
8 95
93 18
44 4
70 87
79 64
2 56
76 81
80 47
95 35
2 16
59 76
78 52
31 63
61 7
79 47
41 86
85 50
7 23
79 56
95 36
78 14
30 84
45 23
9 35
30 45
64 76
63 95
34 61
93 26
27 20
5 5
85 92
48 13
67 77
65 0
15 59
36 58
35 99
10 86
50 5
10 35
85 30
74 14
52 21
14 57
29 52
99 16
82 35
44 3
9 69
26 25
90 69
78 15
8 51
51 28
33 87
24 56
71 46
19 78
25 80
14 30
83 77
30 6
45 2
42 1
82 75
25 62
11 82
83 70
21 75
57 12
21 54
23 84
15 76
66 42
77 53
2 72
89 89
70 15
84 47
37 14
84 22
99 23
4 82
56 34
66 58
88 83
10 10
12 27
89 91
56 74
69 30
78 12
27 37
34 22
80 60
14 14
96 64
95 65
92 57
93 15
15 41
75 28
60 98
23 86
50 84
73 19
19 29
65 68
29 57
42 23
10 38
48 65
83 31
98 86
31 30
45 77
25 20
31 47
31 0
75 88
0 68
4 0
21 11
44 91
71 1
59 22
80 9
40 28
55 80
67 69
9 31
88 21
94 75
3 16
15 94
81 93
61 5
14 17
57 71
54 54
18 45
85 3
36 8
46 58
74 87
3 35
46 54
23 2
79 73
80 60
36 1
8 86
35 47
6 51
85 75
24 99
44 80
99 27
81 73
45 35
18 11
82 54
63 68
42 4
81 35
62 10
50 9
17 78
40 68
93 93
88 25
6 25
10 56
50 2
22 42
77 71
77 2
83 37
42 40
92 44
50 2
16 15
82 78
23 13
43 90
58 43
18 26
11 24
25 39
29 10
33 92
4 7
62 94
31 12
36 48
46 29
52 0
22 29
50 99
35 60
91 58
30 86
90 86
40 89
11 13
37 49
17 71
11 75
61 72
53 80
93 98
0 95
33 73
1 54
75 73
17 49
18 68
73 76
22 49
16 67
42 56
77 58
42 27
9 37
14 80
54 88
98 72
5 7
95 91
9 38
78 69
92 43
71 40
62 20
61 63
55 38
73 23
98 58
44 47
32 51
8 42
77 64
61 84
41 92
48 4
49 3
41 20
37 91
78 74
9 31
55 79
99 11
7 29
52 44
91 85
68 32
49 73
75 77
64 18
9 38
22 22
26 87
50 37
23 79
51 61
8 3
48 50
42 52
66 39
34 24
83 35
70 97
88 39
40 10
86 0
33 26
60 99
24 38
52 63
43 82
18 46
48 39
21 0
4 92
17 5
13 18
52 58
42 84
30 94
3 23
70 20
64 35
22 15
30 46
30 9
16 73
55 89
4 23
80 57
98 56
12 99
64 27
95 86
79 64
21 75
4 21
94 40
7 69
84 4
40 17
98 28
83 50
55 42
18 48
6 17
92 62
83 80
4 90
10 86
69 66
30 9
61 19
33 90
61 28
38 49
91 30
35 72
43 11
56 73
6 21
71 11
45 25
46 26
88 63
58 32
58 84
73 10
23 81
63 7
11 41
88 89
95 14
53 65
53 44
83 37
61 59
84 45
73 22
1 35
49 11
68 30
44 37
47 8
89 43
88 94
5 31
26 49
99 40
96 99
25 32
41 44
15 20
83 57
18 87
92 92
91 45
98 57
55 73
98 57
61 26
48 93
78 51
88 5
0 24
8 1
98 55
52 88
75 82
42 56
9 22
15 1
93 21
78 29
40 37
88 27
47 57
83 46
54 44
63 57
93 26
29 73
33 53
18 50
86 29
63 53
37 87
51 85
39 4
62 61
6 32
95 10
32 45
61 2
18 86
17 20
87 87
35 49
49 62
25 33
3 55
52 66
44 1
90 22
26 73
44 43
50 58
81 84
40 5
86 45
46 77
71 99
62 22
66 1
87 47
43 59
87 34
8 77
34 48
77 10
54 52
11 61
28 76
84 47
70 37
94 27
1 18
58 19
5 96
26 71
51 64
19 66
41 21
35 11
36 72
37 30
62 74
18 12
83 41
34 17
27 13
18 3
72 64
60 54
76 79
88 70
59 67
52 52
6 45
64 24
66 14
8 22
67 18
87 24
20 37
2 64
58 22
56 3
7 3
43 0
80 93
54 13
98 70
28 27
34 49
97 44
31 73
16 6
25 76
37 97
98 8
44 45
48 27
41 21
73 84
21 43
93 98
62 17
38 48
6 59
80 85
29 3
32 13
32 93
99 48
52 99
66 31
64 3
60 4
38 90
98 81
56 17
62 37
10 70
40 42
34 70
77 17
92 68
24 54
75 12
57 51
52 69
68 37
18 4
95 6
10 78
35 1
95 12
16 61
68 64
59 47
8 66
28 58
14 8
52 53
51 12
80 40
53 52
67 59
74 62
60 0
84 24
60 41
98 70
83 69
66 90
4 59
36 73
82 27
92 99
23 86
43 63
20 88
36 24
19 52
84 14
41 62
90 6
36 95
41 19
2 2
38 14
10 98
46 37
54 57
52 49
62 95
87 17
32 74
15 33
37 36
48 84
23 49
87 98
20 54
16 9
53 82
47 66
70 49
15 91
9 59
19 74
57 50
31 20
21 58
71 66
93 91
18 80
8 24
66 85
95 99
31 75
89 40
89 87
64 55
97 54
78 21
85 21
47 82
43 30
23 44
16 77
46 62
91 30
0 67
53 83
30 77
10 36
38 85
60 13
67 25
33 32
71 11
43 11
69 84
35 64
20 81
63 24
49 16
49 85
42 66
71 48
20 92
93 37
67 40
19 55
7 57
12 83
69 6
47 33
10 74
39 22
35 64
18 0
78 85
54 78
87 90
44 35
18 80
32 2
85 37
61 91
73 81
72 52
62 65
87 12
87 2
68 60
94 29
95 69
63 30
84 1
31 18
24 41
68 38
99 15
39 21
43 71
77 89
67 39
14 20
49 79
3 80
48 50
70 97
1 67
63 6
69 58
37 7
67 95
1 89
47 75
22 46
90 48
54 63
63 60
96 52
87 97
87 11
56 87
70 59
39 29
92 61
51 13
81 91
26 31
78 17
42 35
30 14
26 42
29 53
82 54
85 51
88 69
27 95
21 85
47 55
87 96
87 8
92 13
13 85
51 17
10 39
69 72
34 5
39 45
54 34
55 79
33 56
68 0
66 92
81 42
56 37
48 44
11 50
63 60
18 78
59 63
6 62
97 8
10 74
18 52
68 7
65 45
99 76
10 98
36 27
62 46
66 2
26 53
17 55
87 72
31 76
67 75
93 22
36 59
79 89
81 61
3 71
10 49
83 73
32 7
30 15
70 71
12 89
57 7
12 20
74 57
17 58
25 2
92 52
20 91
1 30
81 74
80 18
37 43
94 82
81 74
64 36
27 76
11 19
77 90
1 31
11 77
91 84
10 92
15 43
28 90
43 22
39 60
79 69
10 94
44 52
69 85
77 62
36 72
15 19
86 25
71 11
66 79
35 91
7 65
61 51
88 62
10 68
1 26
3 6
73 64
56 10
44 94
98 98
84 60
19 33
84 37
7 37
95 94
41 94
91 9
91 25
43 65
86 48
53 18
13 8
86 23
27 92
51 22
83 40
73 92
24 13
3 22
81 83
30 75
10 53
73 15
84 40
23 11
26 54
42 82
92 44
93 72
24 82
32 65
75 42
22 40
73 24
7 12
88 20
92 30
82 8
31 12
17 4
67 34
90 59
48 68
49 16
18 59
92 41
96 19
74 94
63 27
83 77
28 43
81 76
11 51
36 40
8 32
85 49
35 17
51 75
50 62
52 83
38 51
15 8
87 83
9 43
44 67
41 57
95 50
7 80
4 49
61 13
44 43
77 72
99 99
85 96
30 52
20 37
39 74
52 31
46 94
96 29
65 58
48 98
66 42
99 15
68 26
20 97
79 49
4 60
15 37
43 28
95 68
1 95
94 34
67 7
11 24
74 93
38 49
7 10
71 31
48 33
49 96
46 78
85 58
35 34
56 11
18 86
89 37
68 68
28 28
2 43
88 49
8 30
60 80
0 49
0 97
7 75
76 68
19 51
2 13
30 36
72 49
41 99
88 90
81 64
39 68
34 23
47 49
54 37
41 6
8 45
15 24
48 12
62 98
86 89
66 63
72 44
68 70
53 69
1 64
91 20
49 26
86 76
26 4
22 64
42 41
61 48
2 99
34 12
66 98
39 78
45 56
70 26
29 43
34 18
98 31
43 31
25 54
51 77
60 1
83 34
40 79
59 45
87 11
85 68
63 99
11 80
43 80
87 77
53 61
3 74
52 98
69 89
18 27
0 78
17 93
31 52
57 5
77 37
25 89
50 35
11 18
6 7
61 58
12 57
94 98
24 8
3 11
60 47
26 38
7 44
29 40
83 60
71 87
96 3
68 27
65 97
85 95
39 73
61 16
60 86
46 50
66 40
20 84
96 20
32 3
88 81
63 2
46 24
68 85
40 35
36 25
54 35
41 50
95 80
81 84
32 12
59 3
37 98
5 2
18 16
64 22
68 80
17 10
53 75
22 38
4 34
81 53
67 52
15 63
1 4
79 27
24 12
27 91
88 59
60 53
54 7
70 46
79 34
54 66
27 2
20 43
92 46
55 49
15 52
95 29
94 95
89 81
19 90
32 72
44 42
51 25
23 58
46 85
92 57
71 40
81 23
98 85
49 65
74 90
60 63
53 66
82 55
5 85
25 44
65 84
69 75
12 82
2 64
0 97
52 0
62 37
18 85
7 62
27 27
86 20
26 78
37 8
80 28
21 49
12 68
38 59
66 3
6 83
94 78
92 95
47 99
20 37
67 97
17 66
17 79
7 55
95 48
51 80
13 0
32 15
97 53
75 79
51 12
32 65
56 50
66 79
67 63
73 51
80 94
43 71
88 81
82 47
32 54
75 58
76 5
93 0
67 80
84 11
9 69
20 64
72 95
11 1
51 15
46 97
32 40
85 71
44 69
57 15
36 38
78 69
42 54
34 88
88 96
89 78
36 47
97 52
45 14
1 32
5 20
61 93
23 27
23 15
99 96
77 52
56 38
38 63
22 4
74 34
24 5
62 85
63 4
91 73
75 45
57 66
10 92
43 96
11 44
90 71
44 85
87 18
3 18
52 42
69 90
5 28
60 43
91 64
67 71
94 70
48 83
52 81
25 53
13 98
10 6
60 59
73 76
93 45
7 4
33 27
42 88
47 64
40 7
81 59
31 93
66 28
41 16
4 42
10 39
26 95
24 22
66 55
55 86
73 33
60 18
75 62
10 90
20 7
31 20
14 5
44 92
99 31
93 1
83 32
39 60
1 86
82 62
49 18
1 78
66 17
75 44
56 70
13 65
13 89
22 66
63 23
38 3
14 35
93 13
40 25
54 78
24 5
3 96
35 62
28 88
12 75
92 56
67 5
98 60
40 14
96 62
9 86
48 71
1 32
60 64
74 11
75 24
14 90
0 84
33 53
59 37
46 45
38 96
15 97
90 32
22 90
26 15
18 88
86 18
13 50
68 54
71 99
95 15
51 18
5 12
68 11
95 19
10 44
66 31
94 67
16 83
40 24
39 61
40 41
5 15
7 84
13 16
26 89
14 10
54 65
77 2
79 78
7 77
39 51
87 22
39 91
13 63
8 97
24 33
37 79
33 6
65 39
84 77
87 97
71 9
69 78
97 98
53 45
76 60
1 56
66 92
42 61
60 64
76 57
25 22
91 88
33 16
40 51
29 22
50 59
82 96
11 43
4 38
28 91
22 66
96 45
62 61
71 56
42 56
22 92
41 16
29 74
82 16
49 60
83 2
27 66
1 32
93 46
63 60
59 49
72 38
92 79
25 5
46 46
83 21
60 22
32 0
95 95
28 50
75 77
7 93
78 27
57 52
25 12
93 59
78 71
95 28
53 18
24 69
35 81
50 87
32 6
16 81
17 95
26 15
65 16
84 99
79 6
21 41
52 33
7 60
73 29
34 69
80 30
25 88
58 34
15 24
84 73
62 67
2 44
36 77
69 27
91 21
90 51
3 58
82 72
5 82
7 82
38 68
31 47
48 91
12 32
28 82
23 87
37 90
77 57
99 87
30 95
92 22
52 66
19 43
92 31
14 41
99 8
62 82
39 40
68 4
79 21
6 24
57 84
95 79
79 5
23 70
28 44
78 23
19 38
62 12
20 76
51 77
78 37
7 73
65 86
90 82
92 31
16 55
26 68
80 25
65 81
59 0
7 33
93 74
32 77
64 94
75 84
87 95
25 22
76 87
35 61
37 6
96 16
56 58
38 78
61 77
7 61
0 24
43 92
79 57
44 45
64 28
62 27
23 94
68 67
82 80
75 13
94 18
53 14
38 97
61 60
66 81
57 45
77 71
44 19
61 44
93 23
11 66
52 53
78 35
87 95
77 18
75 26
1 57
9 49
79 44
35 28
78 47
19 80
31 80
86 15
26 69
97 79
88 73
12 9
65 36
75 84
88 11
29 19
53 55
22 67
3 20
60 63
69 75
46 7
10 67
41 88
47 98
59 68
60 19
48 49
56 83
74 32
16 19
24 18
7 72
70 31
9 20
8 88
41 63
68 15
33 28
50 46
95 22
58 63
94 27
59 59
74 88
10 20
68 72
48 13
6 1
76 60
1 52
44 25
80 69
71 46
28 4
15 64
92 94
32 61
67 58
45 64
71 53
89 20
93 52
56 37
54 22
48 23
61 37
66 0
66 81
17 96
32 46
73 60
18 61
60 8
95 22
73 60
56 48
1 88
47 82
34 86
13 81
74 12
7 38
76 42
36 77
56 51
21 50
61 16
15 67
38 68
69 6
73 10
29 69
84 31
61 31
1 31
97 52
94 70
67 31
68 19
17 71
51 45
78 25
13 21
8 49
14 99
86 75
77 16
78 38
28 82
3 13
41 45
82 70
59 27
10 5
8 31
95 99
46 68
60 90
31 98
19 37
16 39
17 4
79 80
13 41
0 90
18 87
71 37
33 64
76 33
11 23
90 18
11 91
0 62
67 41
77 41
60 94
20 82
43 49
8 11
77 25
52 21
94 54
5 17
6 92
94 25
19 29
76 55
63 77
95 87
70 55
53 48
63 41
54 6
83 74
92 17
28 31
20 63
86 64
24 1
80 73
14 91
58 80
25 88
43 12
18 61
13 19
22 85
18 28
58 44
30 92
55 13
50 94
20 30
31 8
76 75
60 88
20 75
91 7
29 63
98 81
13 19
85 65
80 54
80 66
92 15
19 58
26 49
56 46
84 44
32 26
74 93
5 79
76 5
23 54
79 33
97 58
68 48
46 1
23 27
83 95
93 93
91 4
91 43
10 11
60 90
38 31
60 13
0 49
31 96
33 14
1 17
72 54
91 89
31 84
75 18
60 84
19 68
30 11
75 52
35 46
12 36
5 86
48 61
56 30
47 85
74 49
14 9
38 34
35 70
81 13
0 1
30 92
72 53
55 66
35 36
80 98
84 34
28 27
76 69
38 15
70 60
38 78
10 67
7 28
38 7
11 33
54 62
5 11
74 12
67 73
90 55
17 44
40 60
76 7
22 71
69 27
94 61
92 18
6 24
45 27
17 31
14 31
29 51
23 62
27 65
1 77
59 8
41 54
89 73
24 85
92 6
30 46
97 52
76 43
24 12
77 51
77 63
50 43
81 57
74 56
13 47
2 69
96 33
4 62
89 23
93 1
60 9
93 85
38 44
75 64
13 67
18 45
32 80
58 13
66 71
74 1
2 20
22 85
52 32
83 64
18 40
38 8
29 61
53 15
56 7
9 37
25 96
73 20
84 72
50 98
73 91
0 2
77 90
87 38
11 14
14 14
30 45
92 1
71 6
63 4
45 95
41 3
77 77
5 76
11 51
11 1
20 43
48 22
66 90
64 86
53 22
20 30
35 77
94 52
22 28
98 12
8 81
8 73
15 88
0 82
15 87
69 66
61 0
41 53
53 4
27 36
62 74
18 24
52 98
57 81
18 46
27 32
69 24
22 7
57 10
2 61
6 30
87 86
46 62
55 51
98 67
89 33
82 84
79 70
84 18
37 53
91 82
74 47
96 74
66 42
45 99
80 1
14 22
10 64
61 5
32 97
81 5
73 71
61 74
0 2
21 70
25 75
77 62
54 38
9 29
32 61
29 74
94 19
82 85
18 12
52 73
93 2
94 92
8 21
11 34
68 51
30 42
58 68
72 15
71 44
44 42
21 56
16 61
23 57
38 67
98 59
37 45
61 71
49 25
97 99
8 24
96 42
95 2
11 94
76 4
58 69
53 85
73 68
85 90
76 58
22 98
46 72
95 38
74 71
70 88
49 66
28 42
84 94
16 45
1 99
18 99
67 77
33 86
67 44
78 90
16 83
94 33
35 67
6 72
0 62
65 48
52 93
80 87
91 87
9 81
51 3
60 38
9 93
34 89
92 80
2 97
64 98
26 39
73 72
13 71
60 0
91 95
93 33
38 94
2 65
38 8
26 37
31 63
53 36
53 93
43 80
65 83
0 58
74 77
79 24
30 59
70 38
18 71
72 44
76 36
56 97
83 79
29 13
24 16
23 90
71 83
89 65
71 87
23 47
10 91
78 38
32 99
65 55
36 5
30 36
64 57
18 82
8 62
41 51
65 46
70 64
50 99
73 62
60 86
29 46
87 77
1 79
96 24
42 55
47 77
47 93
8 1
75 81
90 16
14 87
12 36
66 29
0 65
80 12
36 96
67 94
7 54
57 82
60 70
84 11
37 91
10 9
42 83
40 48
55 19
75 30
56 40
76 17
15 25
66 34
99 33
13 28
23 91
58 99
33 41
36 50
40 67
80 94
4 56
16 65
48 33
57 72
52 48
88 57
5 10
30 88
54 17
62 10
68 81
59 58
51 45
97 32
74 44
93 31
29 9
64 80
26 43
67 79
22 53
81 4
93 73
45 86
67 72
39 66
56 98
20 68
22 61
24 41
38 19
56 21
81 32
0 95
95 85
90 97
21 19
24 42
55 82
90 13
35 89
56 52
57 38
78 12
15 71
33 62
12 4
21 71
28 85
67 12
81 15
14 85
1 78
76 16
10 29
18 0
95 65
16 78
13 87
9 86
64 57
95 35
96 35
13 33
66 2
62 95
87 8
2 76
14 33
90 32
0 58
56 55
73 32
79 90
58 11
64 67
39 8
38 98
66 96
60 39
27 81
8 98
32 30
22 53
12 90
37 93
44 65
41 35
35 94
98 91
35 36
32 6
6 16
84 49
86 62
69 34
7 96
54 75
90 27
23 72
43 23
18 28
78 65
81 35
7 23
81 82
72 0
13 99
99 4
74 83
32 26
53 37
66 17
68 5
44 36
53 37
23 45
89 27
55 31
91 35
87 58
27 22
45 35
78 91
81 74
47 88
32 0
63 49
32 56
45 29
62 12
7 29
1 4
61 77
73 83
28 88
66 80
25 67
13 55
71 69
84 56
57 81
26 84
28 12
65 59
37 50
60 97
82 75
55 19
7 58
17 65
23 60
4 37
90 66
19 31
49 29
3 87
20 5
38 98
48 17
58 76
53 0
38 17
21 79
66 12
18 47
19 72
13 66
57 13
27 65
84 46
4 15
68 39
45 69
77 13
98 29
97 61
61 3
76 57
69 90
11 5
15 79
28 86
45 91
16 64
96 70
81 45
71 84
6 23
60 71
29 55
26 62
44 68
48 80
6 17
50 35
0 27
5 54
70 77
36 5
39 77
84 85
98 56
91 99
9 53
20 9
68 2
90 71
17 90
99 14
73 17
91 18
43 42
57 97
27 98
81 19
46 18
67 69
71 91
47 41
37 7
70 7
44 19
51 24
38 22
17 13
3 65
29 24
46 17
91 63
25 93
13 26
23 13
78 46
88 85
96 97
46 6
77 15
95 57
16 1
61 66
63 18
9 20
7 48
19 58
90 68
42 21
40 24
91 31
9 4
50 91
34 67
29 6
70 15
3 90
95 59
4 20
93 60
16 0
41 62
1 67
90 25
4 64
9 95
66 8
75 56
7 86
0 31
4 99
64 15
38 4
72 2
86 89
82 68
66 67
25 51
95 25
89 37
85 24
77 31
68 83
13 77
25 92
70 46
28 76
32 49
15 48
40 76
23 17
62 96
49 10
57 78
7 76
4 4
8 86
7 35
78 1
55 3
18 57
97 79
22 6
42 51
98 50
34 39
63 48
63 30
71 0
73 15
72 4
14 91
81 26
36 19
46 75
51 67
52 83
9 78
36 22
45 12
35 62
60 62
22 62
62 81
22 99
90 50
26 92
84 85
24 36
39 11
18 19
16 60
6 52
5 0
24 26
89 21
53 52
99 94
80 42
34 58
5 85
28 44
