14 73 87
87 44 131
27 67 94
17 36 53
58 2 60
14 45 59
27 59 86
67 55 122
50 51 101
62 62 124
98 46 144
41 60 101
72 12 84
2 64 66
43 85 128
66 10 76
50 72 122
50 41 91
45 90 135
48 94 142
25 29 54
7 69 76
24 88 112
36 77 113
83 27 110
35 10 45
35 92 127
75 16 91
9 35 44
71 33 104
1 13 14
11 20 31
54 30 84
67 49 116
72 68 140
10 19 29
36 59 95
1 9 10
21 17 38
2 16 18
98 51 149
34 19 53
40 69 109
39 27 66
50 48 98
29 24 53
62 79 141
27 85 112
23 30 53
80 85 165
21 86 107
23 96 119
28 99 127
42 66 108
53 48 101
32 69 101
41 95 136
95 38 133
84 95 179
29 60 89
47 4 51
5 64 69
66 37 103
30 64 94
75 47 122
38 91 129
85 48 133
97 39 136
1 23 24
45 35 80
85 31 116
98 71 169
45 7 52
78 5 83
41 71 112
64 89 153
17 63 80
73 66 139
74 76 150
46 68 114
33 35 68
20 52 72
8 5 13
75 80 155
70 42 112
60 79 139
86 42 128
32 21 53
52 65 117
25 76 101
82 24 106
22 5 27
43 81 124
55 30 85
43 19 62
34 11 45
12 18 30
31 32 63
60 79 139
54 14 68
16 98 114
73 57 130
11 97 108
77 78 155
9 44 53
80 35 115
23 87 110
45 85 130
72 50 122
40 40 80
63 63 126
54 40 94
73 52 125
94 23 117
69 21 90
9 70 79
55 50 105
81 12 93
94 52 146
87 74 161
65 72 137
45 79 124
47 65 112
3 81 84
31 4 35
26 30 56
2 53 55
18 13 31
49 0 49
78 58 136
91 22 113
7 97 104
47 52 99
94 40 134
45 80 125
70 25 95
15 14 29
65 69 134
82 39 121
81 19 100
55 38 93
26 65 91
76 40 116
13 6 19
35 45 80
65 19 84
76 40 116
99 90 189
75 3 78
68 58 126
18 69 87
44 65 109
5 98 103
17 28 45
27 41 68
91 46 137
20 66 86
83 18 101
75 90 165
34 36 70
23 41 64
78 97 175
67 52 119
62 64 126
94 55 149
61 37 98
50 75 125
20 11 31
0 34 34
21 57 78
90 69 159
68 22 90
11 47 58
52 82 134
30 37 67
17 93 110
52 61 113
14 74 88
15 60 75
15 51 66
0 11 11
39 57 96
7 29 36
60 70 130
3 46 49
10 88 98
2 78 80
19 16 35
24 53 77
67 53 120
25 67 92
41 94 135
5 58 63
11 80 91
65 42 107
62 17 79
55 90 145
30 61 91
92 17 109
84 48 132
98 9 107
95 39 134
17 24 41
12 11 23
2 89 91
92 14 106
72 64 136
18 57 75
28 35 63
86 72 158
59 73 132
46 14 60
88 1 89
9 73 82
74 14 88
60 8 68
57 95 152
79 40 119
30 35 65
68 18 86
77 70 147
43 12 55
82 79 161
57 65 122
58 48 106
92 16 108
80 1 81
85 17 102
45 34 79
60 38 98
31 31 62
74 34 108
66 69 135
40 59 99
3 4 7
60 77 137
41 51 92
79 31 110
91 41 132
71 93 164
50 85 135
39 87 126
22 45 67
25 91 116
22 90 112
94 9 103
17 48 65
37 86 123
32 15 47
71 68 139
61 78 139
81 63 144
83 47 130
53 19 72
62 14 76
50 45 95
70 80 150
2 81 83
14 99 113
95 32 127
40 16 56
22 32 54
88 51 139
85 19 104
35 71 106
94 80 174
2 45 47
49 63 112
95 49 144
18 21 39
63 75 138
7 33 40
5 8 13
16 98 114
6 91 97
92 17 109
8 11 19
92 57 149
81 64 145
78 14 92
84 80 164
84 85 169
25 13 38
98 66 164
49 95 144
81 80 161
56 92 148
43 13 56
2 31 33
50 97 147
30 73 103
25 3 28
36 49 85
32 92 124
65 47 112
88 50 138
28 88 116
69 32 101
60 16 76
10 54 64
67 81 148
99 99 198
59 92 151
20 31 51
45 76 121
94 53 147
99 68 167
85 33 118
19 12 31
1 21 22
97 14 111
13 88 101
70 38 108
54 86 140
35 85 120
99 78 177
68 98 166
42 46 88
1 22 23
10 86 96
51 54 105
93 32 125
16 24 40
14 7 21
25 30 55
99 15 114
5 52 57
79 57 136
32 15 47
32 72 104
98 20 118
48 12 60
44 53 97
49 92 141
56 7 63
43 23 66
41 21 62
35 35 70
98 60 158
95 30 125
96 50 146
21 75 96
72 55 127
77 87 164
28 45 73
5 28 33
48 38 86
40 58 98
42 40 82
28 6 34
54 67 121
41 99 140
74 23 97
92 20 112
49 39 88
66 42 108
40 27 67
90 77 167
1 7 8
38 3 41
62 32 94
65 8 73
51 53 104
67 34 101
70 72 142
34 29 63
82 71 153
35 92 127
97 5 102
24 93 117
24 5 29
96 66 162
85 17 102
3 72 75
81 45 126
39 14 53
7 99 106
90 64 154
12 52 64
14 82 96
56 93 149
59 44 103
23 62 85
86 21 107
79 74 153
67 17 84
65 76 141
17 73 90
8 19 27
92 17 109
70 73 143
67 0 67
79 51 130
99 13 112
52 37 89
32 4 36
45 13 58
54 18 72
99 40 139
9 75 84
73 27 100
10 83 93
16 33 49
52 34 86
49 46 95
42 53 95
84 36 120
97 17 114
68 30 98
29 99 128
16 82 98
14 3 17
8 11 19
63 48 111
33 49 82
13 10 23
24 5 29
96 88 184
67 93 160
6 55 61
89 20 109
59 0 59
67 81 148
93 55 148
99 38 137
81 69 150
59 32 91
95 65 160
61 31 92
85 86 171
12 69 81
17 24 41
93 49 142
32 41 73
97 46 143
20 82 102
70 80 150
52 21 73
68 66 134
67 35 102
59 59 118
9 39 48
11 23 34
68 18 86
50 67 117
60 88 148
58 94 152
28 2 30
68 49 117
70 20 90
78 11 89
49 58 107
69 69 138
52 8 60
61 92 153
50 64 114
93 39 132
46 55 101
48 12 60
77 7 84
73 69 142
66 76 142
49 72 121
33 92 125
58 32 90
23 17 40
20 96 116
79 66 145
23 43 66
51 81 132
72 23 95
55 28 83
46 17 63
13 69 82
42 81 123
12 88 100
41 1 42
9 38 47
95 66 161
81 89 170
49 21 70
56 21 77
30 45 75
32 9 41
55 54 109
58 86 144
79 82 161
27 18 45
65 68 133
30 4 34
91 50 141
30 43 73
87 92 179
25 46 71
11 52 63
8 25 33
33 80 113
2 26 28
24 45 69
68 93 161
37 96 133
45 92 137
13 55 68
41 57 98
25 22 47
10 13 23
77 21 98
83 50 133
49 29 78
89 1 90
32 97 129
8 18 26
9 3 12
28 11 39
77 11 88
44 44 88
77 58 135
11 50 61
61 9 70
2 84 86
72 4 76
2 96 98
97 81 178
1 60 61
52 45 97
6 58 64
77 76 153
44 53 97
75 63 138
49 31 80
29 93 122
1 99 100
40 82 122
0 15 15
4 31 35
76 8 84
14 70 84
26 76 102
64 7 71
50 46 96
64 70 134
90 73 163
65 85 150
68 74 142
34 81 115
64 54 118
58 53 111
9 93 102
61 72 133
66 81 147
23 13 36
30 81 111
27 16 43
28 36 64
98 8 106
9 91 100
68 89 157
46 54 100
53 42 95
81 76 157
44 12 56
32 26 58
99 38 137
26 53 79
37 21 58
89 49 138
47 69 116
38 86 124
61 55 116
40 10 50
76 61 137
62 84 146
26 72 98
28 25 53
99 14 113
93 78 171
43 47 90
63 16 79
76 94 170
87 59 146
86 20 106
64 29 93
80 4 84
95 49 144
35 66 101
65 25 90
67 10 77
46 83 129
53 85 138
11 57 68
22 59 81
29 78 107
95 0 95
0 86 86
8 39 47
77 85 162
5 33 38
63 23 86
79 59 138
72 59 131
37 15 52
21 12 33
91 17 108
66 12 78
5 77 82
55 66 121
52 30 82
90 38 128
35 58 93
52 77 129
0 85 85
52 27 79
47 30 77
17 55 72
81 19 100
44 2 46
79 95 174
29 58 87
19 9 28
81 74 155
45 26 71
15 56 71
78 68 146
75 1 76
29 8 37
20 54 74
42 83 125
30 92 122
91 2 93
1 40 41
82 83 165
44 44 88
69 14 83
35 12 47
16 57 73
41 14 55
47 92 139
80 63 143
65 6 71
48 25 73
13 72 85
1 1 2
51 95 146
13 6 19
73 12 85
27 13 40
9 99 108
6 61 67
7 80 87
24 44 68
82 0 82
31 7 38
54 93 147
6 60 66
26 34 60
89 4 93
29 1 30
25 38 63
59 59 118
48 86 134
0 1 1
23 30 53
47 56 103
85 40 125
7 14 21
92 0 92
58 33 91
28 31 59
26 55 81
54 4 58
42 84 126
8 45 53
70 91 161
97 94 191
34 91 125
6 55 61
94 79 173
67 88 155
76 61 137
6 59 65
8 28 36
55 46 101
54 3 57
19 0 19
66 64 130
46 84 130
50 73 123
15 13 28
75 97 172
6 70 76
53 55 108
85 67 152
92 7 99
55 22 77
23 98 121
83 54 137
58 62 120
93 47 140
12 28 40
10 40 50
82 72 154
47 11 58
18 93 111
70 29 99
44 14 58
35 47 82
49 63 112
49 90 139
77 22 99
86 61 147
87 97 184
71 12 83
47 64 111
19 93 112
10 96 106
35 85 120
17 98 115
18 89 107
56 23 79
74 19 93
82 97 179
85 6 91
89 33 122
26 84 110
42 46 88
32 49 81
81 87 168
34 84 118
28 60 88
85 59 144
39 80 119
62 59 121
95 32 127
84 23 107
31 83 114
68 80 148
36 13 49
52 37 89
31 94 125
49 74 123
33 20 53
24 86 110
63 68 131
64 5 69
65 33 98
78 71 149
87 69 156
61 67 128
62 84 146
79 7 86
0 66 66
28 68 96
64 29 93
41 9 50
71 15 86
35 20 55
65 47 112
69 75 144
67 39 106
17 33 50
98 47 145
96 94 190
29 78 107
39 11 50
42 48 90
12 66 78
89 32 121
0 74 74
39 92 131
8 50 58
97 90 187
42 23 65
16 29 45
47 41 88
14 21 35
30 89 119
48 74 122
81 88 169
40 37 77
24 15 39
6 39 45
24 10 34
25 2 27
61 82 143
72 1 73
58 4 62
88 57 145
4 1 5
80 12 92
49 34 83
23 52 75
30 69 99
62 49 111
87 9 96
60 66 126
4 12 16
28 51 79
33 95 128
11 86 97
83 96 179
35 68 103
70 41 111
0 55 55
50 63 113
21 25 46
55 98 153
50 88 138
46 74 120
24 54 78
69 63 132
16 5 21
92 65 157
8 52 60
46 58 104
10 89 99
1 67 68
59 3 62
32 47 79
90 23 113
22 36 58
13 18 31
69 58 127
24 0 24
13 28 41
87 57 144
28 0 28
93 88 181
42 74 116
9 50 59
54 46 100
59 42 101
6 64 70
5 10 15
6 75 81
78 5 83
69 23 92
27 56 83
35 71 106
81 70 151
61 62 123
19 76 95
50 16 66
17 45 62
52 89 141
82 91 173
82 45 127
34 34 68
97 6 103
40 6 46
79 93 172
90 26 116
38 58 96
70 99 169
25 16 41
48 27 75
68 97 165
9 43 52
1 28 29
20 13 33
98 38 136
58 21 79
65 10 75
62 9 71
96 74 170
78 41 119
0 21 21
15 55 70
65 65 130
8 64 72
73 55 128
45 71 116
88 16 104
75 56 131
96 33 129
52 83 135
66 23 89
79 76 155
72 72 144
79 28 107
6 77 83
65 12 77
68 98 166
32 93 125
79 33 112
33 97 130
23 26 49
67 40 107
95 18 113
82 70 152
30 16 46
31 13 44
46 43 89
33 95 128
34 99 133
81 46 127
69 59 128
29 42 71
35 78 113
58 91 149
36 94 130
62 94 156
33 7 40
21 1 22
77 39 116
78 34 112
92 48 140
10 4 14
42 96 138
20 77 97
91 41 132
28 27 55
39 89 128
12 99 111
24 39 63
6 55 61
78 91 169
90 79 169
0 6 6
3 44 47
97 79 176
53 7 60
87 37 124
92 54 146
64 49 113
94 43 137
8 72 80
6 6 12
43 82 125
36 81 117
18 51 69
28 84 112
85 50 135
48 1 49
79 44 123
63 69 132
22 63 85
35 22 57
82 7 89
4 7 11
36 35 71
11 41 52
25 9 34
35 15 50
14 38 52
67 78 145
43 69 112
58 80 138
55 6 61
31 35 66
33 59 92
70 40 110
95 61 156
99 6 105
24 14 38
69 44 113
0 99 99
16 17 33
5 27 32
2 34 36
32 54 86
29 76 105
90 77 167
57 74 131
37 10 47
31 71 102
57 8 65
24 86 110
59 12 71
55 47 102
6 9 15
5 93 98
49 60 109
4 60 64
25 38 63
67 33 100
74 66 140
53 25 78
15 70 85
24 5 29
30 57 87
93 0 93
80 20 100
60 8 68
93 7 100
71 23 94
11 85 96
23 57 80
46 84 130
15 10 25
97 74 171
2 7 9
32 78 110
53 40 93
37 19 56
20 85 105
16 4 20
94 83 177
33 30 63
96 2 98
22 53 75
77 67 144
84 72 156
64 89 153
87 46 133
2 30 32
83 92 175
40 64 104
5 4 9
20 65 85
89 90 179
80 47 127
28 3 31
24 15 39
36 96 132
24 97 121
78 8 86
81 55 136
48 46 94
61 45 106
42 36 78
40 4 44
30 25 55
36 93 129
18 27 45
44 50 94
16 68 84
77 0 77
73 94 167
15 22 37
33 66 99
69 2 71
97 93 190
8 6 14
52 90 142
60 9 69
6 64 70
36 23 59
37 63 100
86 54 140
32 87 119
95 82 177
96 32 128
61 9 70
88 17 105
73 50 123
7 0 7
37 27 64
50 36 86
34 50 84
40 37 77
99 86 185
90 76 166
16 45 61
80 86 166
10 86 96
83 68 151
1 75 76
56 53 109
66 61 127
72 66 138
9 70 79
5 38 43
24 18 42
83 44 127
94 87 181
56 29 85
42 75 117
46 60 106
38 36 74
70 90 160
6 0 6
16 10 26
84 6 90
97 34 131
55 54 109
71 9 80
4 40 44
81 11 92
64 62 126
28 32 60
93 40 133
82 69 151
85 41 126
49 7 56
24 65 89
34 63 97
81 50 131
75 23 98
9 15 24
93 39 132
26 4 30
10 40 50
42 38 80
85 60 145
17 26 43
48 42 90
10 39 49
92 0 92
78 1 79
29 55 84
0 71 71
58 4 62
29 87 116
26 1 27
56 42 98
30 15 45
44 64 108
97 50 147
79 46 125
5 76 81
6 41 47
17 12 29
18 88 106
67 87 154
41 38 79
74 46 120
95 55 150
75 77 152
71 59 130
83 98 181
9 78 87
58 26 84
61 66 127
19 94 113
85 61 146
39 71 110
89 89 178
43 39 82
51 93 144
45 90 135
72 24 96
5 69 74
20 63 83
37 39 76
30 14 44
2 81 83
83 50 133
56 10 66
21 39 60
82 44 126
51 94 145
32 98 130
59 79 138
6 76 82
96 7 103
86 6 92
61 67 128
67 12 79
28 82 110
19 17 36
87 99 186
58 90 148
14 82 96
97 21 118
76 38 114
51 81 132
25 52 77
9 99 108
20 43 63
33 11 44
89 8 97
26 8 34
78 30 108
42 10 52
42 47 89
30 48 78
26 87 113
67 60 127
16 72 88
29 24 53
50 22 72
87 7 94
81 19 100
2 52 54
98 69 167
84 12 96
25 77 102
40 92 132
7 76 83
63 58 121
64 87 151
60 53 113
67 46 113
79 43 122
31 15 46
84 44 128
9 71 80
87 57 144
96 94 190
78 69 147
38 84 122
49 87 136
18 12 30
28 10 38
61 89 150
30 41 71
11 75 86
36 15 51
41 42 83
46 90 136
94 13 107
45 94 139
18 16 34
59 27 86
39 17 56
21 41 62
81 95 176
80 40 120
79 98 177
35 77 112
18 17 35
87 31 118
64 17 81
83 58 141
84 99 183
26 67 93
96 8 104
18 20 38
11 35 46
30 45 75
60 43 103
66 65 131
39 4 43
26 75 101
54 58 112
10 54 64
44 82 126
34 9 43
30 28 58
65 95 160
38 39 77
92 82 174
49 70 119
79 1 80
50 34 84
73 45 118
64 83 147
66 73 139
21 7 28
7 38 45
78 16 94
70 56 126
20 36 56
33 60 93
19 92 111
84 13 97
65 20 85
65 92 157
35 50 85
11 82 93
61 94 155
42 22 64
47 76 123
21 89 110
19 74 93
17 78 95
48 97 145
92 76 168
37 83 120
11 24 35
2 53 55
69 58 127
90 53 143
90 7 97
47 52 99
87 37 124
52 83 135
22 1 23
25 17 42
22 92 114
29 96 125
67 44 111
92 96 188
20 59 79
16 0 16
66 54 120
39 27 66
33 8 41
24 20 44
29 96 125
76 67 143
39 91 130
84 83 167
27 3 30
47 4 51
1 85 86
32 40 72
86 50 136
7 79 86
47 7 54
59 9 68
74 4 78
46 2 48
31 87 118
28 83 111
60 38 98
52 9 61
11 63 74
94 9 103
3 23 26
36 0 36
76 99 175
62 24 86
10 92 102
15 82 97
16 53 69
59 0 59
90 7 97
27 87 114
70 51 121
44 83 127
78 70 148
19 19 38
17 88 105
50 19 69
15 37 52
13 72 85
26 77 103
80 81 161
93 50 143
60 77 137
39 93 132
3 71 74
4 77 81
51 45 96
91 82 173
31 67 98
51 20 71
75 32 107
3 84 87
70 26 96
12 41 53
7 3 10
26 39 65
42 40 82
7 83 90
87 24 111
33 1 34
99 50 149
69 98 167
95 34 129
16 30 46
29 73 102
37 24 61
83 14 97
35 94 129
55 67 122
46 14 60
83 87 170
43 43 86
11 22 33
92 26 118
62 7 69
95 91 186
32 0 32
13 60 73
1 40 41
6 32 38
99 73 172
10 56 66
23 79 102
73 91 164
8 36 44
58 31 89
7 37 44
35 33 68
59 16 75
56 74 130
78 43 121
52 5 57
2 1 3
28 34 62
9 98 107
4 58 62
98 84 182
98 76 174
28 88 116
82 44 126
21 64 85
66 97 163
65 0 65
77 58 135
86 7 93
10 94 104
20 20 40
89 92 181
83 2 85
83 17 100
31 28 59
58 79 137
84 29 113
97 38 135
16 89 105
42 45 87
24 83 107
61 61 122
99 76 175
76 93 169
96 47 143
93 1 94
65 96 161
53 5 58
16 47 63
3 64 67
26 89 115
38 15 53
9 0 9
69 75 144
11 96 107
57 0 57
95 40 135
35 35 70
56 48 104
18 30 48
60 27 87
39 38 77
17 40 57
68 46 114
67 53 120
0 60 60
16 38 54
32 83 115
82 87 169
2 87 89
29 35 64
14 23 37
63 91 154
88 23 111
31 17 48
68 45 113
99 18 117
80 36 116
30 50 80
39 36 75
37 67 104
16 26 42
88 83 171
46 68 114
56 58 114
62 34 96
88 38 126
55 12 67
42 66 108
74 43 117
19 95 114
12 39 51
43 74 117
61 96 157
52 71 123
39 60 99
78 44 122
43 68 111
85 27 112
67 11 78
8 73 81
40 94 134
18 5 23
86 89 175
30 51 81
8 82 90
40 12 52
79 50 129
63 14 77
41 2 43
33 86 119
36 85 121
64 19 83
42 23 65
36 76 112
96 4 100
27 54 81
77 19 96
50 9 59
31 73 104
90 64 154
17 59 76
1 5 6
23 66 89
71 89 160
68 63 131
87 36 123
18 85 103
79 9 88
52 28 80
92 54 146
22 73 95
16 9 25
28 77 105
77 59 136
12 66 78
27 20 47
41 52 93
78 66 144
75 52 127
74 36 110
29 8 37
33 95 128
14 17 31
45 5 50
98 69 167
35 26 61
36 77 113
6 34 40
26 36 62
8 39 47
62 0 62
60 25 85
5 45 50
22 5 27
15 60 75
18 62 80
16 4 20
15 52 67
15 26 41
68 45 113
86 61 147
33 55 88
21 46 67
38 90 128
38 88 126
89 52 141
30 8 38
95 34 129
4 15 19
63 65 128
57 21 78
88 55 143
36 63 99
28 25 53
73 78 151
61 8 69
4 1 5
56 0 56
37 59 96
40 76 116
72 75 147
26 70 96
68 33 101
83 38 121
29 8 37
89 54 143
21 13 34
93 12 105
49 83 132
60 11 71
9 91 100
77 58 135
53 42 95
50 39 89
29 96 125
15 94 109
26 78 104
42 94 136
36 17 53
64 18 82
96 68 164
73 25 98
68 30 98
61 50 111
82 11 93
69 39 108
41 86 127
78 20 98
33 19 52
98 94 192
79 83 162
87 56 143
29 15 44
34 39 73
75 25 100
73 47 120
67 79 146
46 88 134
71 30 101
75 13 88
42 24 66
27 66 93
46 29 75
68 37 105
30 42 72
37 75 112
43 14 57
58 28 86
1 12 13
94 9 103
22 96 118
78 21 99
90 69 159
80 42 122
82 0 82
36 14 50
7 97 104
83 88 171
43 23 66
29 30 59
59 36 95
94 6 100
98 63 161
33 44 77
39 67 106
55 87 142
1 63 64
86 23 109
44 44 88
82 91 173
90 36 126
55 63 118
90 33 123
2 99 101
4 9 13
48 23 71
91 30 121
35 88 123
15 61 76
90 93 183
28 31 59
47 69 116
20 61 81
11 0 11
27 56 83
10 53 63
62 82 144
61 68 129
93 77 170
52 96 148
93 9 102
20 45 65
57 81 138
39 37 76
10 88 98
2 39 41
48 12 60
51 25 76
1 62 63
89 77 166
29 39 68
49 7 56
83 79 162
17 65 82
15 47 62
8 59 67
1 78 79
91 7 98
62 85 147
44 21 65
39 66 105
59 74 133
97 12 109
66 60 126
98 65 163
24 94 118
16 2 18
98 87 185
28 66 94
17 89 106
45 29 74
97 61 158
72 12 84
40 19 59
78 88 166
43 37 80
7 40 47
14 63 77
2 11 13
47 24 71
41 36 77
66 70 136
71 14 85
11 98 109
8 32 40
24 92 116
73 45 118
22 44 66
4 99 103
89 69 158
9 48 57
63 1 64
23 74 97
79 53 132
51 16 67
42 97 139
19 65 84
10 55 65
37 64 101
20 47 67
90 20 110
37 59 96
91 49 140
49 46 95
12 94 106
78 15 93
79 38 117
1 33 34
34 72 106
70 42 112
98 32 130
18 3 21
33 77 110
23 49 72
38 94 132
86 51 137
49 28 77
28 7 35
86 95 181
82 69 151
54 25 79
49 19 68
78 62 140
28 52 80
34 25 59
68 65 133
91 94 185
19 24 43
64 94 158
87 52 139
17 63 80
73 40 113
36 95 131
35 63 98
18 67 85
59 95 154
48 21 69
66 81 147
0 39 39
90 52 142
21 63 84
49 68 117
17 94 111
12 11 23
42 87 129
63 85 148
31 53 84
22 19 41
75 44 119
92 50 142
78 85 163
23 35 58
73 42 115
10 19 29
18 91 109
25 3 28
85 46 131
13 38 51
16 88 104
78 78 156
85 5 90
42 73 115
55 33 88
86 44 130
85 79 164
23 57 80
40 27 67
94 26 120
65 73 138
79 90 169
10 18 28
67 29 96
59 63 122
92 37 129
23 13 36
50 4 54
1 65 66
72 69 141
14 29 43
74 69 143
27 40 67
44 96 140
67 29 96
52 14 66
33 59 92
73 77 150
52 42 94
71 43 114
58 12 70
9 18 27
73 13 86
79 73 152
51 39 90
38 84 122
65 61 126
8 83 91
82 25 107
20 11 31
49 48 97
40 8 48
1 75 76
42 65 107
6 4 10
8 73 81
8 4 12
79 57 136
41 45 86
18 7 25
85 94 179
86 69 155
8 6 14
80 66 146
64 95 159
92 23 115
6 4 10
91 62 153
60 14 74
92 50 142
62 95 157
6 53 59
81 58 139
81 81 162
35 57 92
0 36 36
70 83 153
25 13 38
87 19 106
63 73 136
29 34 63
26 81 107
69 53 122
4 19 23
0 74 74
0 28 28
28 28 56
35 18 53
10 54 64
38 50 88
88 85 173
37 94 131
54 47 101
70 58 128
85 35 120
38 61 99
95 86 181
83 53 136
26 74 100
15 9 24
15 80 95
73 2 75
38 95 133
34 40 74
67 99 166
75 20 95
34 49 83
45 11 56
40 61 101
22 53 75
60 85 145
59 82 141
29 96 125
97 48 145
81 87 168
89 5 94
94 45 139
45 90 135
70 41 111
26 97 123
9 71 80
17 73 90
38 70 108
8 55 63
43 64 107
91 4 95
37 79 116
98 56 154
93 34 127
5 61 66
63 82 145
7 97 104
90 92 182
25 6 31
84 68 152
17 25 42
59 89 148
57 21 78
38 65 103
80 46 126
6 33 39
24 26 50
15 9 24
13 88 101
3 60 63
62 24 86
50 41 91
95 36 131
54 28 82
20 78 98
68 16 84
29 98 127
24 16 40
67 51 118
79 45 124
58 50 108
92 80 172
31 27 58
15 0 15
38 95 133
0 46 46
84 96 180
2 5 7
38 86 124
96 76 172
36 63 99
18 56 74
23 93 116
0 42 42
51 35 86
14 17 31
43 21 64
85 60 145
38 97 135
23 30 53
71 66 137
49 15 64
59 69 128
97 82 179
27 54 81
68 88 156
24 8 32
79 96 175
18 90 108
37 11 48
40 79 119
72 78 150
32 68 100
33 72 105
52 1 53
12 4 16
87 51 138
36 63 99
25 45 70
45 43 88
55 36 91
56 99 155
61 88 149
25 43 68
46 19 65
58 77 135
66 64 130
26 76 102
30 5 35
28 57 85
67 48 115
53 78 131
68 52 120
27 9 36
53 4 57
61 44 105
11 8 19
79 17 96
44 71 115
28 81 109
98 60 158
88 77 165
45 63 108
94 58 152
42 78 120
71 32 103
99 59 158
66 1 67
58 85 143
40 85 125
94 62 156
67 83 150
81 47 128
12 67 79
1 63 64
10 61 71
77 32 109
7 28 35
83 65 148
18 81 99
12 18 30
43 55 98
47 58 105
6 19 25
68 16 84
87 50 137
37 16 53
8 34 42
95 87 182
43 92 135
73 20 93
36 61 97
89 94 183
8 58 66
14 26 40
58 43 101
97 14 111
39 41 80
35 74 109
93 56 149
6 38 44
50 9 59
58 65 123
27 96 123
96 65 161
50 44 94
71 61 132
96 42 138
56 55 111
55 89 144
70 7 77
88 6 94
20 17 37
51 74 125
79 11 90
82 12 94
35 93 128
99 90 189
22 22 44
7 31 38
69 32 101
20 13 33
63 22 85
99 78 177
33 53 86
87 44 131
38 18 56
67 75 142
79 45 124
73 34 107
54 30 84
75 60 135
72 95 167
42 86 128
0 21 21
73 34 107
8 25 33
97 12 109
20 95 115
25 54 79
24 53 77
33 74 107
85 74 159
62 37 99
1 65 66
85 19 104
64 36 100
26 24 50
96 74 170
55 34 89
22 0 22
91 76 167
69 80 149
31 2 33
72 1 73
86 56 142
92 69 161
88 79 167
99 62 161
41 26 67
86 46 132
52 8 60
33 68 101
64 45 109
22 56 78
72 56 128
64 85 149
43 49 92
12 89 101
92 69 161
75 43 118
65 87 152
60 3 63
90 5 95
23 44 67
21 57 78
90 35 125
7 43 50
11 39 50
25 85 110
40 12 52
51 38 89
31 75 106
24 28 52
8 28 36
70 66 136
25 34 59
25 77 102
74 26 100
49 1 50
51 42 93
19 31 50
81 28 109
45 93 138
53 22 75
10 76 86
22 47 69
72 27 99
1 55 56
18 29 47
92 68 160
11 39 50
55 31 86
43 75 118
97 94 191
68 28 96
43 90 133
67 54 121
93 17 110
9 11 20
71 6 77
5 17 22
5 67 72
98 25 123
67 7 74
28 22 50
88 42 130
9 81 90
58 56 114
25 88 113
64 46 110
63 47 110
26 5 31
83 92 175
24 17 41
94 33 127
16 31 47
33 24 57
42 97 139
43 32 75
76 67 143
79 82 161
23 72 95
11 36 47
99 62 161
98 24 122
7 36 43
61 80 141
71 50 121
78 70 148
17 48 65
24 66 90
54 92 146
73 94 167
64 80 144
51 82 133
69 75 144
2 10 12
63 44 107
44 77 121
23 47 70
1 31 32
26 38 64
93 45 138
48 78 126
25 13 38
22 75 97
15 82 97
92 82 174
51 53 104
46 46 92
70 86 156
38 15 53
14 68 82
54 30 84
61 13 74
42 40 82
84 22 106
25 57 82
40 51 91
39 96 135
37 9 46
21 50 71
0 62 62
6 23 29
19 4 23
83 15 98
41 46 87
43 73 116
40 90 130
23 64 87
23 96 119
4 71 75
96 26 122
13 83 96
16 92 108
13 11 24
78 17 95
31 92 123
4 12 16
51 48 99
19 61 80
24 47 71
43 57 100
34 28 62
82 27 109
60 50 110
17 48 65
43 3 46
33 97 130
69 65 134
61 1 62
53 66 119
74 43 117
1 51 52
37 90 127
57 69 126
52 76 128
22 5 27
27 58 85
41 92 133
97 56 153
88 51 139
93 18 111
56 19 75
59 70 129
22 11 33
38 64 102
72 51 123
76 37 113
40 39 79
26 51 77
14 57 71
21 19 40
32 13 45
16 29 45
86 27 113
77 88 165
26 0 26
12 2 14
44 45 89
36 8 44
44 88 132
57 64 121
71 1 72
5 58 63
92 37 129
53 23 76
38 76 114
52 25 77
11 94 105
65 82 147
11 61 72
92 37 129
14 84 98
67 31 98
97 6 103
41 80 121
0 66 66
94 28 122
74 50 124
71 32 103
66 30 96
78 95 173
90 59 149
20 61 81
61 48 109
2 77 79
90 37 127
13 36 49
4 40 44
46 82 128
80 77 157
48 46 94
95 3 98
58 37 95
59 75 134
71 34 105
43 78 121
87 0 87
98 68 166
93 22 115
38 87 125
40 29 69
10 59 69
68 45 113
67 70 137
83 86 169
89 48 137
25 33 58
55 37 92
23 59 82
97 83 180
74 8 82
49 9 58
23 69 92
55 31 86
72 7 79
44 25 69
21 66 87
89 52 141
15 54 69
72 23 95
30 35 65
1 3 4
83 61 144
91 30 121
99 15 114
15 17 32
45 96 141
16 27 43
79 3 82
48 58 106
22 84 106
26 28 54
23 57 80
60 58 118
9 60 69
94 79 173
74 43 117
60 13 73
20 40 60
14 57 71
61 98 159
7 75 82
90 40 130
30 78 108
47 0 47
44 96 140
60 47 107
45 42 87
57 23 80
1 74 75
10 21 31
75 72 147
41 36 77
93 54 147
53 19 72
13 83 96
41 34 75
24 50 74
26 40 66
93 95 188
28 76 104
70 78 148
30 74 104
40 31 71
16 31 47
21 7 28
43 8 51
23 27 50
75 92 167
32 91 123
60 36 96
83 31 114
98 17 115
31 2 33
71 72 143
58 84 142
66 54 120
93 45 138
42 17 59
21 92 113
20 17 37
6 85 91
44 16 60
76 4 80
32 51 83
31 11 42
81 89 170
87 32 119
6 86 92
84 23 107
42 46 88
9 73 82
70 15 85
43 46 89
37 2 39
44 53 97
13 90 103
83 8 91
30 49 79
92 39 131
87 95 182
38 79 117
52 87 139
27 20 47
36 21 57
14 50 64
36 28 64
54 58 112
97 61 158
14 2 16
23 6 29
37 85 122
40 83 123
16 0 16
29 65 94
18 64 82
84 63 147
56 98 154
33 51 84
48 79 127
42 3 45
81 60 141
72 54 126
88 7 95
15 21 36
24 21 45
58 48 106
67 51 118
95 0 95
52 76 128
17 11 28
9 74 83
54 7 61
81 88 169
38 79 117
52 53 105
39 97 136
99 74 173
56 67 123
18 95 113
79 44 123
29 68 97
55 14 69
25 62 87
16 84 100
27 17 44
19 66 85
31 75 106
45 62 107
24 25 49
0 98 98
87 87 174
15 63 78
25 79 104
1 87 88
6 11 17
41 42 83
57 32 89
59 89 148
92 31 123
21 86 107
20 99 119
55 33 88
13 54 67
54 33 87
0 28 28
23 53 76
60 14 74
55 21 76
36 52 88
49 33 82
16 26 42
93 32 125
7 15 22
54 63 117
98 67 165
84 19 103
82 96 178
88 88 176
59 33 92
9 98 107
19 46 65
25 32 57
46 42 88
52 12 64
21 8 29
18 55 73
57 54 111
67 89 156
14 91 105
1 58 59
50 71 121
74 6 80
49 35 84
40 82 122
62 13 75
37 71 108
32 16 48
97 62 159
29 48 77
9 36 45
29 6 35
13 72 85
37 87 124
74 36 110
27 93 120
44 52 96
1 32 33
63 63 126
90 57 147
15 12 27
95 84 179
4 14 18
91 8 99
23 86 109
27 9 36
45 31 76
81 44 125
13 79 92
9 93 102
95 91 186
68 77 145
33 75 108
58 89 147
36 17 53
95 50 145
12 55 67
36 80 116
69 68 137
10 86 96
57 21 78
38 41 79
28 3 31
39 96 135
47 91 138
7 60 67
60 97 157
68 57 125
16 62 78
50 19 69
56 63 119
1 9 10
55 12 67
96 86 182
70 40 110
86 81 167
61 89 150
56 31 87
77 92 169
54 53 107
27 96 123
12 51 63
34 50 84
58 36 94
1 17 18
76 96 172
98 84 182
12 88 100
41 17 58
36 49 85
55 94 149
45 41 86
23 69 92
71 1 72
40 72 112
46 13 59
21 22 43
92 65 157
80 84 164
85 40 125
52 77 129
80 91 171
50 19 69
70 3 73
68 71 139
63 6 69
62 81 143
70 19 89
3 81 84
81 61 142
74 4 78
37 83 120
85 99 184
15 28 43
51 0 51
54 40 94
36 37 73
9 15 24
58 87 145
57 70 127
94 70 164
0 19 19
64 89 153
29 2 31
90 31 121
38 2 40
39 28 67
57 15 72
24 79 103
50 20 70
25 41 66
65 72 137
51 63 114
54 73 127
6 31 37
92 73 165
26 59 85
20 38 58
80 82 162
79 94 173
54 42 96
79 68 147
12 54 66
54 17 71
37 93 130
19 57 76
12 85 97
24 89 113
57 70 127
24 15 39
88 90 178
75 15 90
92 38 130
41 16 57
33 80 113
7 29 36
11 28 39
71 79 150
56 91 147
11 71 82
30 7 37
92 16 108
59 84 143
99 48 147
73 38 111
45 74 119
10 8 18
53 29 82
51 13 64
54 91 145
98 65 163
29 54 83
99 31 130
5 77 82
20 84 104
43 16 59
60 61 121
73 10 83
52 50 102
25 79 104
10 32 42
61 26 87
42 62 104
88 49 137
27 43 70
31 53 84
68 1 69
22 6 28
84 67 151
81 80 161
66 82 148
90 25 115
5 47 52
66 22 88
97 36 133
60 88 148
13 62 75
37 10 47
1 15 16
7 68 75
2 8 10
40 66 106
7 73 80
11 51 62
0 63 63
94 44 138
6 92 98
16 2 18
44 18 62
29 45 74
8 15 23
2 20 22
26 19 45
57 60 117
93 37 130
75 5 80
70 21 91
52 15 67
61 24 85
24 6 30
2 42 44
8 5 13
48 45 93
94 84 178
69 60 129
64 27 91
66 73 139
14 27 41
17 94 111
83 5 88
47 95 142
6 19 25
89 17 106
91 92 183
71 83 154
22 25 47
89 69 158
31 18 49
40 52 92
63 80 143
80 19 99
63 82 145
83 22 105
80 60 140
30 18 48
7 4 11
28 31 59
29 46 75
36 37 73
32 46 78
90 77 167
47 81 128
24 1 25
18 52 70
96 50 146
64 94 158
37 8 45
26 25 51
88 89 177
45 82 127
86 59 145
51 21 72
73 92 165
44 72 116
91 50 141
82 47 129
90 31 121
38 80 118
49 47 96
50 89 139
22 26 48
52 78 130
87 85 172
65 65 130
77 80 157
53 82 135
52 98 150
28 24 52
83 87 170
55 5 60
88 58 146
48 11 59
77 35 112
9 62 71
85 31 116
23 11 34
52 36 88
5 77 82
33 35 68
57 27 84
39 94 133
9 10 19
2 55 57
98 7 105
88 34 122
89 30 119
4 26 30
1 34 35
30 22 52
99 91 190
92 74 166
33 42 75
68 85 153
36 33 69
11 2 13
98 14 112
36 64 100
11 29 40
76 17 93
81 7 88
88 9 97
82 15 97
60 84 144
1 33 34
92 47 139
37 34 71
76 37 113
39 78 117
71 31 102
65 88 153
93 91 184
74 49 123
26 33 59
75 23 98
88 57 145
81 49 130
16 8 24
41 11 52
67 52 119
40 14 54
8 62 70
16 59 75
18 71 89
16 76 92
12 14 26
68 25 93
99 19 118
34 35 69
42 10 52
11 54 65
36 14 50
25 45 70
52 23 75
82 28 110
3 24 27
34 28 62
22 72 94
92 39 131
29 43 72
12 39 51
92 28 120
47 95 142
25 16 41
5 97 102
60 84 144
52 69 121
51 57 108
31 6 37
59 84 143
86 98 184
6 39 45
79 75 154
67 43 110
10 21 31
62 9 71
95 9 104
14 60 74
37 81 118
6 96 102
99 59 158
3 98 101
68 32 100
88 65 153
66 62 128
22 50 72
60 72 132
75 79 154
4 5 9
71 29 100
96 94 190
84 54 138
2 24 26
16 25 41
52 6 58
55 94 149
50 34 84
67 94 161
92 51 143
99 99 198
49 77 126
59 25 84
51 21 72
62 56 118
6 98 104
39 82 121
2 97 99
2 4 6
14 98 112
49 47 96
42 68 110
63 76 139
47 23 70
6 77 83
46 22 68
76 16 92
72 27 99
7 97 104
44 0 44
91 8 99
12 43 55
83 2 85
92 51 143
56 86 142
59 77 136
40 17 57
43 40 83
51 68 119
14 92 106
88 52 140
72 53 125
38 5 43
86 26 112
6 4 10
15 85 100
71 44 115
74 80 154
96 11 107
17 27 44
77 9 86
99 73 172
73 7 80
18 59 77
87 43 130
2 13 15
15 11 26
46 37 83
59 51 110
12 89 101
75 7 82
23 15 38
29 25 54
21 81 102
90 42 132
38 7 45
82 92 174
86 79 165
95 56 151
28 82 110
6 38 44
96 97 193
11 73 84
87 36 123
97 53 150
71 58 129
82 25 107
22 34 56
3 98 101
68 28 96
43 4 47
47 0 47
6 88 94
21 14 35
13 29 42
39 6 45
20 61 81
98 49 147
69 34 103
5 85 90
18 97 115
5 17 22
91 46 137
24 23 47
34 66 100
53 16 69
45 44 89
93 16 109
26 48 74
76 20 96
68 34 102
55 23 78
19 28 47
4 97 101
84 50 134
51 3 54
31 80 111
0 93 93
30 53 83
6 5 11
64 1 65
19 87 106
58 48 106
21 12 33
94 44 138
17 42 59
92 92 184
26 38 64
95 28 123
13 47 60
2 11 13
0 79 79
78 36 114
67 24 91
53 34 87
74 97 171
25 29 54
77 96 173
30 80 110
80 23 103
31 95 126
89 29 118
92 1 93
92 73 165
42 96 138
52 39 91
61 25 86
99 39 138
47 76 123
30 78 108
60 35 95
74 17 91
39 83 122
45 28 73
13 84 97
76 8 84
78 34 112
50 84 134
6 82 88
8 58 66
16 39 55
68 91 159
55 59 114
26 61 87
4 23 27
88 35 123
21 93 114
4 78 82
34 60 94
64 2 66
25 83 108
39 43 82
64 39 103
22 68 90
30 62 92
61 59 120
94 93 187
89 11 100
22 69 91
62 10 72
79 19 98
84 58 142
64 15 79
39 64 103
70 92 162
48 88 136
60 75 135
22 13 35
47 69 116
1 31 32
71 29 100
76 26 102
9 57 66
34 55 89
22 7 29
58 49 107
14 53 67
41 43 84
62 49 111
43 52 95
49 42 91
88 88 176
47 15 62
0 46 46
79 84 163
20 57 77
44 73 117
74 12 86
76 58 134
75 3 78
83 44 127
93 49 142
23 16 39
45 26 71
96 53 149
6 25 31
31 98 129
34 9 43
3 4 7
50 0 50
30 62 92
38 15 53
16 53 69
66 51 117
39 89 128
71 32 103
20 59 79
57 25 82
79 94 173
26 68 94
2 92 94
85 1 86
19 89 108
35 90 125
0 14 14
14 4 18
65 79 144
99 35 134
66 10 76
20 97 117
63 46 109
19 8 27
14 73 87
73 81 154
30 25 55
39 47 86
37 84 121
96 62 158
90 24 114
30 30 60
81 10 91
7 85 92
93 35 128
88 78 166
69 68 137
14 66 80
33 62 95
30 24 54
51 99 150
59 46 105
9 31 40
43 88 131
81 13 94
38 24 62
23 64 87
22 14 36
45 52 97
54 59 113
13 60 73
18 88 106
54 97 151
39 11 50
99 90 189
97 11 108
98 19 117
86 48 134
69 77 146
63 6 69
70 87 157
75 32 107
90 17 107
14 12 26
17 80 97
65 1 66
78 55 133
27 33 60
22 24 46
69 13 82
38 60 98
50 38 88
27 40 67
78 66 144
57 59 116
48 67 115
90 29 119
64 28 92
28 83 111
75 62 137
41 60 101
93 13 106
4 96 100
55 83 138
66 69 135
84 2 86
57 74 131
77 34 111
80 5 85
17 47 64
24 90 114
68 86 154
98 25 123
96 92 188
79 14 93
22 2 24
3 11 14
38 27 65
1 61 62
63 19 82
61 31 92
78 88 166
57 40 97
37 98 135
69 34 103
65 82 147
84 10 94
1 23 24
44 92 136
41 92 133
15 89 104
44 28 72
75 72 147
46 76 122
43 36 79
83 22 105
60 38 98
8 9 17
48 8 56
93 46 139
87 5 92
52 1 53
46 78 124
48 90 138
50 15 65
27 48 75
76 56 132
99 96 195
4 51 55
15 0 15
54 48 102
47 43 90
51 60 111
21 22 43
1 69 70
20 72 92
55 19 74
58 96 154
93 93 186
40 59 99
69 32 101
54 58 112
3 36 39
85 16 101
98 65 163
19 34 53
10 43 53
51 52 103
96 99 195
53 58 111
68 0 68
65 30 95
50 94 144
83 57 140
43 84 127
70 45 115
43 94 137
87 13 100
22 60 82
25 67 92
10 65 75
82 63 145
56 27 83
1 92 93
47 35 82
82 61 143
70 68 138
60 95 155
86 85 171
0 14 14
10 49 59
70 94 164
82 54 136
19 88 107
27 68 95
9 34 43
46 47 93
80 26 106
82 18 100
14 70 84
66 93 159
72 0 72
66 39 105
10 6 16
29 78 107
5 70 75
97 51 148
65 81 146
73 63 136
39 95 134
81 35 116
87 59 146
89 4 93
81 93 174
76 12 88
20 23 43
4 14 18
43 99 142
98 23 121
56 38 94
29 84 113
16 79 95
59 16 75
13 70 83
20 7 27
77 28 105
64 41 105
54 54 108
1 75 76
97 80 177
13 43 56
2 30 32
6 96 102
78 77 155
90 74 164
54 18 72
28 7 35
85 78 163
81 68 149
82 67 149
1 99 100
30 20 50
49 44 93
57 96 153
30 92 122
2 4 6
97 53 150
30 76 106
48 18 66
38 44 82
4 0 4
95 16 111
56 36 92
50 3 53
64 82 146
76 33 109
34 52 86
35 71 106
29 71 100
59 31 90
72 27 99
29 14 43
36 6 42
10 4 14
33 81 114
43 34 77
51 92 143
53 28 81
30 9 39
23 30 53
90 81 171
79 17 96
61 79 140
49 21 70
24 7 31
23 23 46
28 82 110
28 37 65
45 18 63
56 65 121
13 20 33
79 88 167
25 47 72
34 20 54
94 67 161
91 49 140
5 2 7
50 57 107
12 47 59
94 39 133
26 53 79
54 3 57
69 35 104
41 26 67
88 71 159
99 89 188
13 44 57
65 50 115
54 59 113
15 71 86
13 65 78
37 32 69
63 43 106
89 92 181
38 50 88
23 43 66
35 18 53
57 9 66
17 35 52
2 47 49
15 91 106
29 39 68
72 97 169
4 72 76
37 99 136
15 73 88
52 91 143
23 88 111
38 4 42
67 95 162
3 67 70
97 23 120
69 15 84
66 65 131
96 31 127
92 87 179
28 89 117
88 37 125
4 3 7
48 33 81
16 69 85
96 92 188
65 95 160
71 19 90
19 97 116
67 73 140
32 50 82
59 36 95
55 23 78
13 0 13
36 12 48
37 49 86
88 27 115
20 27 47
3 66 69
62 39 101
31 82 113
63 44 107
73 9 82
51 98 149
89 19 108
81 96 177
77 75 152
35 12 47
90 6 96
98 88 186
25 6 31
2 39 41
87 72 159
23 43 66
89 12 101
96 44 140
47 80 127
87 72 159
78 60 138
42 89 131
83 45 128
21 49 70
69 99 168
93 59 152
66 29 95
38 35 73
77 30 107
79 65 144
20 47 67
40 52 92
53 19 72
11 0 11
67 17 84
1 95 96
11 74 85
20 21 41
54 80 134
27 95 122
32 20 52
73 55 128
25 37 62
61 47 108
43 25 68
37 43 80
40 94 134
13 56 69
54 46 100
76 57 133
77 8 85
81 96 177
41 33 74
3 86 89
80 90 170
55 70 125
88 17 105
74 37 111
70 84 154
76 39 115
29 11 40
33 98 131
5 88 93
19 15 34
36 83 119
21 28 49
51 2 53
44 25 69
44 32 76
53 36 89
11 3 14
74 54 128
70 57 127
94 27 121
2 37 39
42 8 50
50 1 51
10 79 89
33 25 58
14 35 49
92 33 125
52 57 109
8 75 83
6 17 23
34 32 66
92 12 104
33 26 59
43 52 95
40 85 125
20 51 71
61 1 62
55 53 108
19 94 113
84 65 149
4 59 63
47 37 84
29 0 29
60 6 66
50 9 59
17 18 35
62 44 106
95 66 161
25 8 33
93 74 167
3 68 71
24 84 108
0 85 85
63 86 149
27 54 81
85 3 88
75 64 139
46 17 63
16 82 98
66 6 72
24 54 78
90 29 119
9 49 58
89 72 161
59 6 65
0 79 79
12 55 67
6 65 71
33 67 100
27 75 102
99 54 153
98 32 130
61 51 112
14 3 17
8 61 69
76 90 166
46 3 49
47 11 58
27 49 76
37 80 117
99 40 139
17 8 25
90 38 128
29 67 96
98 7 105
47 32 79
45 53 98
32 66 98
21 53 74
26 38 64
28 67 95
30 81 111
30 33 63
85 11 96
39 91 130
99 2 101
51 41 92
36 8 44
27 49 76
44 59 103
12 19 31
4 59 63
73 49 122
5 87 92
41 69 110
85 66 151
25 46 71
37 22 59
4 22 26
42 23 65
1 75 76
62 25 87
72 80 152
38 11 49
78 41 119
78 72 150
0 22 22
79 3 82
85 50 135
58 52 110
24 99 123
19 79 98
54 23 77
83 98 181
71 99 170
46 79 125
34 79 113
9 93 102
15 7 22
22 96 118
26 6 32
69 90 159
93 48 141
85 20 105
65 68 133
68 96 164
73 51 124
53 35 88
38 47 85
55 14 69
74 82 156
38 58 96
54 1 55
30 43 73
99 17 116
67 11 78
91 49 140
53 37 90
11 37 48
59 9 68
12 68 80
97 28 125
49 9 58
18 81 99
29 64 93
20 7 27
90 97 187
84 45 129
82 49 131
62 97 159
8 7 15
30 89 119
78 83 161
42 41 83
4 46 50
64 71 135
59 69 128
99 95 194
32 77 109
94 66 160
56 92 148
91 25 116
70 15 85
39 42 81
23 69 92
87 2 89
44 12 56
4 14 18
93 18 111
10 38 48
96 21 117
15 49 64
22 23 45
80 35 115
26 89 115
53 23 76
59 47 106
97 65 162
43 42 85
71 32 103
15 51 66
89 15 104
24 29 53
43 43 86
86 31 117
47 27 74
79 5 84
2 37 39
88 71 159
53 54 107
15 87 102
70 89 159
70 47 117
8 80 88
80 41 121
36 61 97
91 51 142
56 2 58
26 83 109
59 43 102
32 86 118
35 31 66
57 8 65
29 73 102
44 44 88
34 5 39
43 64 107
93 48 141
86 65 151
78 28 106
72 29 101
48 91 139
20 87 107
0 8 8
97 69 166
64 91 155
38 66 104
45 66 111
58 83 141
66 64 130
68 77 145
47 63 110
60 58 118
53 38 91
71 5 76
86 37 123
55 93 148
77 48 125
99 41 140
92 10 102
99 34 133
95 88 183
84 60 144
98 83 181
97 58 155
78 45 123
10 95 105
22 53 75
99 58 157
94 94 188
35 11 46
89 55 144
41 20 61
24 19 43
82 98 180
44 94 138
73 89 162
11 39 50
77 34 111
46 88 134
32 18 50
34 90 124
48 20 68
19 29 48
61 64 125
17 93 110
91 65 156
74 69 143
2 14 16
77 32 109
61 49 110
30 74 104
64 83 147
4 28 32
64 45 109
40 47 87
91 39 130
92 40 132
42 21 63
76 94 170
22 92 114
92 49 141
61 21 82
93 31 124
80 58 138
77 63 140
45 59 104
55 86 141
40 81 121
71 43 114
29 0 29
2 70 72
86 22 108
1 96 97
98 50 148
82 47 129
21 88 109
44 94 138
77 73 150
91 41 132
71 1 72
83 53 136
39 20 59
98 90 188
97 5 102
95 40 135
24 30 54
17 1 18
63 14 77
75 85 160
43 68 111
47 59 106
0 41 41
89 26 115
56 79 135
54 56 110
73 63 136
90 28 118
37 34 71
9 73 82
48 46 94
54 44 98
77 3 80
3 76 79
75 54 129
56 69 125
59 73 132
13 7 20
53 6 59
91 30 121
95 67 162
10 29 39
0 81 81
97 1 98
68 43 111
89 75 164
47 35 82
62 9 71
36 54 90
55 66 121
27 55 82
28 89 117
21 12 33
89 31 120
35 49 84
40 51 91
50 69 119
2 25 27
61 52 113
11 58 69
42 72 114
46 94 140
50 81 131
55 58 113
25 8 33
79 82 161
71 92 163
24 58 82
72 53 125
2 94 96
86 62 148
31 3 34
50 88 138
19 66 85
60 88 148
89 1 90
44 94 138
80 25 105
43 3 46
73 15 88
27 70 97
62 94 156
64 53 117
91 62 153
15 94 109
31 49 80
64 95 159
36 10 46
34 97 131
70 48 118
71 76 147
84 63 147
90 12 102
20 45 65
47 61 108
14 18 32
16 51 67
2 64 66
68 55 123
71 13 84
27 2 29
0 8 8
44 13 57
25 64 89
47 66 113
36 63 99
88 94 182
36 98 134
21 38 59
54 1 55
70 26 96
60 94 154
82 28 110
17 88 105
89 31 120
78 19 97
14 81 95
35 75 110
18 74 92
78 75 153
48 96 144
70 97 167
28 63 91
50 83 133
36 63 99
30 4 34
14 78 92
6 4 10
50 55 105
15 71 86
63 2 65
15 9 24
63 9 72
1 64 65
7 66 73
16 80 96
30 83 113
5 37 42
66 90 156
61 44 105
63 64 127
70 54 124
48 28 76
90 17 107
99 8 107
97 99 196
55 71 126
89 1 90
36 87 123
97 12 109
38 43 81
63 65 128
66 23 89
59 71 130
28 35 63
79 38 117
41 19 60
87 10 97
36 43 79
85 80 165
89 37 126
86 58 144
85 51 136
58 61 119
12 31 43
11 54 65
37 17 54
41 57 98
99 22 121
73 99 172
66 83 149
29 33 62
10 88 98
19 92 111
18 5 23
12 97 109
5 24 29
11 39 50
82 78 160
94 46 140
5 9 14
67 22 89
40 2 42
90 6 96
91 39 130
73 31 104
67 59 126
61 98 159
47 89 136
96 6 102
42 95 137
59 33 92
18 65 83
2 66 68
29 59 88
11 7 18
68 49 117
33 21 54
16 49 65
64 74 138
50 46 96
14 29 43
41 76 117
31 35 66
16 0 16
80 89 169
98 23 121
63 47 110
53 31 84
10 32 42
40 3 43
2 67 69
32 17 49
77 94 171
38 35 73
71 59 130
98 86 184
97 75 172
71 75 146
12 33 45
94 26 120
61 72 133
37 45 82
62 90 152
66 37 103
58 21 79
40 56 96
20 43 63
92 77 169
91 93 184
81 96 177
94 10 104
21 54 75
9 82 91
33 99 132
5 60 65
55 54 109
50 4 54
13 31 44
58 2 60
61 56 117
0 32 32
83 90 173
8 56 64
91 66 157
2 83 85
40 82 122
21 2 23
31 0 31
47 8 55
23 98 121
91 66 157
25 63 88
97 85 182
58 58 116
2 45 47
27 39 66
9 10 19
82 84 166
32 87 119
5 42 47
84 49 133
34 70 104
1 1 2
85 6 91
20 38 58
60 92 152
30 40 70
95 24 119
58 95 153
89 2 91
61 90 151
8 62 70
42 65 107
22 85 107
18 68 86
3 34 37
14 93 107
50 98 148
27 93 120
24 79 103
63 95 158
75 12 87
62 70 132
57 94 151
34 81 115
64 76 140
89 3 92
75 45 120
55 62 117
13 56 69
9 86 95
1 25 26
69 18 87
17 96 113
56 53 109
66 43 109
65 20 85
78 64 142
62 89 151
48 76 124
0 65 65
49 64 113
39 27 66
32 69 101
40 3 43
75 41 116
48 24 72
1 42 43
11 10 21
19 25 44
29 7 36
20 61 81
42 36 78
57 53 110
67 0 67
28 5 33
40 84 124
49 90 139
51 14 65
63 92 155
33 46 79
11 18 29
59 65 124
24 96 120
66 99 165
30 13 43
67 78 145
47 45 92
9 56 65
37 20 57
27 34 61
1 39 40
97 22 119
2 62 64
90 52 142
25 17 42
3 41 44
79 75 154
70 78 148
63 70 133
98 28 126
42 27 69
27 24 51
28 67 95
92 95 187
61 26 87
25 29 54
72 24 96
90 32 122
49 47 96
38 91 129
5 30 35
6 95 101
26 74 100
93 66 159
35 0 35
65 36 101
61 30 91
58 56 114
2 26 28
80 96 176
11 55 66
74 9 83
35 82 117
91 35 126
32 81 113
2 34 36
89 61 150
56 65 121
76 45 121
66 45 111
73 98 171
80 97 177
29 68 97
69 87 156
98 65 163
1 63 64
57 43 100
27 48 75
14 6 20
77 26 103
16 91 107
17 62 79
78 34 112
36 26 62
99 49 148
37 54 91
95 8 103
48 95 143
77 33 110
99 2 101
23 39 62
33 65 98
65 30 95
85 98 183
95 78 173
27 28 55
6 96 102
23 72 95
99 59 158
96 71 167
69 85 154
97 84 181
59 23 82
23 44 67
0 25 25
89 28 117
22 15 37
40 10 50
94 67 161
43 75 118
2 70 72
90 50 140
96 12 108
57 16 73
42 31 73
28 19 47
89 94 183
46 6 52
5 58 63
86 34 120
6 63 69
66 46 112
45 56 101
67 52 119
56 0 56
25 85 110
14 96 110
88 39 127
36 22 58
63 60 123
18 24 42
92 82 174
96 27 123
95 71 166
45 20 65
68 47 115
95 14 109
89 10 99
95 46 141
67 51 118
4 31 35
80 43 123
40 20 60
57 52 109
9 89 98
83 74 157
79 68 147
93 83 176
53 70 123
68 71 139
83 20 103
35 29 64
5 32 37
94 45 139
94 49 143
49 9 58
26 23 49
95 8 103
3 64 67
31 27 58
57 99 156
45 59 104
55 92 147
49 15 64
93 63 156
46 79 125
97 95 192
22 24 46
37 86 123
17 48 65
50 1 51
79 61 140
81 34 115
43 40 83
91 89 180
28 41 69
89 50 139
69 87 156
73 32 105
66 31 97
15 95 110
96 45 141
59 23 82
68 90 158
22 53 75
68 48 116
61 74 135
90 79 169
94 17 111
84 65 149
19 40 59
75 3 78
90 96 186
33 33 66
12 86 98
91 94 185
31 97 128
12 63 75
85 98 183
62 54 116
66 20 86
69 74 143
62 30 92
74 96 170
31 52 83
81 44 125
12 60 72
57 84 141
38 98 136
11 88 99
54 40 94
29 44 73
94 99 193
27 33 60
79 45 124
29 30 59
24 33 57
87 1 88
67 39 106
68 27 95
42 4 46
16 80 96
4 1 5
53 32 85
29 96 125
87 41 128
34 40 74
73 20 93
89 87 176
37 8 45
6 78 84
76 26 102
43 45 88
65 68 133
31 26 57
94 42 136
61 56 117
71 28 99
89 75 164
35 75 110
18 70 88
23 25 48
88 3 91
74 2 76
63 80 143
77 59 136
25 91 116
4 45 49
78 20 98
36 50 86
15 36 51
90 6 96
7 66 73
7 42 49
64 68 132
13 69 82
23 53 76
3 92 95
72 29 101
15 33 48
7 20 27
58 37 95
27 75 102
34 75 109
10 75 85
92 14 106
7 32 39
16 30 46
30 64 94
3 87 90
23 96 119
23 55 78
56 16 72
41 23 64
98 14 112
83 83 166
57 91 148
47 79 126
11 21 32
78 96 174
66 61 127
72 55 127
34 49 83
54 22 76
58 75 133
95 4 99
83 27 110
19 82 101
50 57 107
51 93 144
46 80 126
18 21 39
46 29 75
94 43 137
72 35 107
19 12 31
98 19 117
62 70 132
18 37 55
43 77 120
63 41 104
20 24 44
36 69 105
48 13 61
40 86 126
65 32 97
40 57 97
6 54 60
76 54 130
13 76 89
77 47 124
52 62 114
58 92 150
38 15 53
0 42 42
7 89 96
46 82 128
32 38 70
55 29 84
44 53 97
84 9 93
70 1 71
32 41 73
6 81 87
13 57 70
55 63 118
33 96 129
50 7 57
7 60 67
98 99 197
84 51 135
3 80 83
74 85 159
56 18 74
8 17 25
58 71 129
37 93 130
99 51 150
64 9 73
94 56 150
20 62 82
44 2 46
15 72 87
80 75 155
48 66 114
26 62 88
40 98 138
80 80 160
33 71 104
60 72 132
98 50 148
93 32 125
27 5 32
62 89 151
84 38 122
59 54 113
40 29 69
59 67 126
48 82 130
37 73 110
5 29 34
2 84 86
26 21 47
17 81 98
36 66 102
29 55 84
37 8 45
39 82 121
46 42 88
89 83 172
90 99 189
65 54 119
56 13 69
24 37 61
10 5 15
99 13 112
72 72 144
42 16 58
74 49 123
48 20 68
49 65 114
96 3 99
95 93 188
9 45 54
88 32 120
89 23 112
66 25 91
90 57 147
61 28 89
77 54 131
53 47 100
97 89 186
31 11 42
11 53 64
9 68 77
89 77 166
89 37 126
98 14 112
51 29 80
29 58 87
86 44 130
39 78 117
12 73 85
69 85 154
89 8 97
7 36 43
38 43 81
94 99 193
49 88 137
39 31 70
12 13 25
43 24 67
66 13 79
7 58 65
62 69 131
82 17 99
27 22 49
4 37 41
7 29 36
41 74 115
57 27 84
86 17 103
49 54 103
2 77 79
52 23 75
46 2 48
37 56 93
74 42 116
58 92 150
81 25 106
52 77 129
96 70 166
18 42 60
25 42 67
10 43 53
48 14 62
35 30 65
75 76 151
14 71 85
18 20 38
39 21 60
53 44 97
78 15 93
8 88 96
67 64 131
2 99 101
76 36 112
99 87 186
7 41 48
93 1 94
97 64 161
0 49 49
55 73 128
52 72 124
84 86 170
75 79 154
42 58 100
53 34 87
4 71 75
88 41 129
96 37 133
37 33 70
75 91 166
71 27 98
48 10 58
56 75 131
1 85 86
61 76 137
17 53 70
30 92 122
20 73 93
13 27 40
37 91 128
71 67 138
81 24 105
90 3 93
20 97 117
15 7 22
48 3 51
17 7 24
65 16 81
93 99 192
67 12 79
20 36 56
92 60 152
92 92 184
25 14 39
20 70 90
45 67 112
63 74 137
31 88 119
61 8 69
4 98 102
6 63 69
7 94 101
4 51 55
28 50 78
42 49 91
37 38 75
35 91 126
97 2 99
72 30 102
82 67 149
7 77 84
65 99 164
14 24 38
71 40 111
88 15 103
68 5 73
75 51 126
46 45 91
3 33 36
76 57 133
43 47 90
24 95 119
75 1 76
75 93 168
0 38 38
50 66 116
89 51 140
44 7 51
34 38 72
61 98 159
13 98 111
68 93 161
80 66 146
92 51 143
64 8 72
20 55 75
6 38 44
48 33 81
23 99 122
55 15 70
39 94 133
66 6 72
78 4 82
94 34 128
71 29 100
75 52 127
17 43 60
54 41 95
58 55 113
4 46 50
66 65 131
88 18 106
35 59 94
40 64 104
59 70 129
44 37 81
68 29 97
0 72 72
71 30 101
42 96 138
80 24 104
78 39 117
20 22 42
39 52 91
35 96 131
75 16 91
52 40 92
21 97 118
22 50 72
48 14 62
67 34 101
81 44 125
98 5 103
48 91 139
31 72 103
27 79 106
64 61 125
15 41 56
6 97 103
70 34 104
57 54 111
64 10 74
71 12 83
71 57 128
92 62 154
24 88 112
27 96 123
17 44 61
77 51 128
95 47 142
37 18 55
4 79 83
87 30 117
44 76 120
24 49 73
12 65 77
38 1 39
49 77 126
42 41 83
59 65 124
5 8 13
78 79 157
40 40 80
41 59 100
89 92 181
94 43 137
34 1 35
88 96 184
56 71 127
98 52 150
19 99 118
16 72 88
70 64 134
65 53 118
40 85 125
34 6 40
41 87 128
19 31 50
73 46 119
96 59 155
13 58 71
35 0 35
63 67 130
5 24 29
30 34 64
46 57 103
36 91 127
32 45 77
73 69 142
99 23 122
2 18 20
27 97 124
94 13 107
73 36 109
96 74 170
34 63 97
27 65 92
70 48 118
38 73 111
0 80 80
52 40 92
45 64 109
48 54 102
90 10 100
81 87 168
5 15 20
28 21 49
13 39 52
70 68 138
83 87 170
55 69 124
17 45 62
78 11 89
85 72 157
98 57 155
55 24 79
32 88 120
94 2 96
67 19 86
91 83 174
94 98 192
38 90 128
29 99 128
35 87 122
39 94 133
82 28 110
68 12 80
1 37 38
59 32 91
18 49 67
84 56 140
47 6 53
99 88 187
56 5 61
71 44 115
84 72 156
57 73 130
64 33 97
94 73 167
59 34 93
4 95 99
52 15 67
38 51 89
16 0 16
19 68 87
17 72 89
19 24 43
90 36 126
34 91 125
54 95 149
64 8 72
58 99 157
75 23 98
71 76 147
5 36 41
42 35 77
74 60 134
31 1 32
8 29 37
85 5 90
24 27 51
35 46 81
91 70 161
20 66 86
47 95 142
11 46 57
90 20 110
0 93 93
81 20 101
15 12 27
82 47 129
90 48 138
27 56 83
21 47 68
87 53 140
91 40 131
50 41 91
70 11 81
39 48 87
66 2 68
39 18 57
47 30 77
69 30 99
66 33 99
48 37 85
36 38 74
95 49 144
23 8 31
93 0 93
40 63 103
66 82 148
1 50 51
73 92 165
85 70 155
81 91 172
17 67 84
32 87 119
37 97 134
52 39 91
37 56 93
55 80 135
17 66 83
85 72 157
11 72 83
68 74 142
91 79 170
89 85 174
48 67 115
71 90 161
32 95 127
27 21 48
80 65 145
22 49 71
54 66 120
55 1 56
47 55 102
23 72 95
14 33 47
24 41 65
40 11 51
18 44 62
96 15 111
49 20 69
47 12 59
96 62 158
71 46 117
27 5 32
32 44 76
84 69 153
91 99 190
47 80 127
90 53 143
46 58 104
18 40 58
15 31 46
76 60 136
86 58 144
16 28 44
84 94 178
66 15 81
91 88 179
82 88 170
65 59 124
2 83 85
10 43 53
27 37 64
97 11 108
54 91 145
20 83 103
73 57 130
90 54 144
3 61 64
90 15 105
34 54 88
88 73 161
21 98 119
52 61 113
2 22 24
1 89 90
43 26 69
48 28 76
85 40 125
29 52 81
33 18 51
94 92 186
29 63 92
4 83 87
36 82 118
59 73 132
62 15 77
13 63 76
45 61 106
6 76 82
42 62 104
89 52 141
62 47 109
6 6 12
27 30 57
20 98 118
74 22 96
24 85 109
63 29 92
77 34 111
6 42 48
42 15 57
19 61 80
5 55 60
54 51 105
52 9 61
79 80 159
57 86 143
33 75 108
78 28 106
1 85 86
30 92 122
87 54 141
35 40 75
58 51 109
20 23 43
35 66 101
55 34 89
26 93 119
13 75 88
31 14 45
23 26 49
83 54 137
74 80 154
60 46 106
25 94 119
17 38 55
44 90 134
3 5 8
23 81 104
50 51 101
85 7 92
7 65 72
27 16 43
73 79 152
30 18 48
84 91 175
56 78 134
35 30 65
61 70 131
92 52 144
4 59 63
29 69 98
53 41 94
65 50 115
24 85 109
6 27 33
45 47 92
19 45 64
85 71 156
69 97 166
31 97 128
29 9 38
51 54 105
39 92 131
40 3 43
6 43 49
15 32 47
9 49 58
60 13 73
87 57 144
58 3 61
2 44 46
52 19 71
35 62 97
40 14 54
19 89 108
90 16 106
23 83 106
4 50 54
15 97 112
3 46 49
36 72 108
79 65 144
2 62 64
89 16 105
6 97 103
55 4 59
16 82 98
5 64 69
75 39 114
48 10 58
75 54 129
12 87 99
39 33 72
83 95 178
26 22 48
76 3 79
98 60 158
64 49 113
77 55 132
81 32 113
84 0 84
9 92 101
13 73 86
8 11 19
1 90 91
2 84 86
10 25 35
1 31 32
63 89 152
34 5 39
93 18 111
70 87 157
2 56 58
80 47 127
2 16 18
59 76 135
31 63 94
79 47 126
85 50 135
79 56 135
78 14 92
45 23 68
30 45 75
63 95 158
93 26 119
5 5 10
85 92 177
65 0 65
36 58 94
10 86 96
50 5 55
74 14 88
14 57 71
99 16 115
44 3 47
26 25 51
78 15 93
51 28 79
24 56 80
19 78 97
14 30 44
30 6 36
42 1 43
25 62 87
83 70 153
57 12 69
23 84 107
66 42 108
2 72 74
70 15 85
37 14 51
99 23 122
56 34 90
88 83 171
12 27 39
89 91 180
69 30 99
34 22 56
14 14 28
95 65 160
92 57 149
15 41 56
60 98 158
50 84 134
19 29 48
29 57 86
10 38 48
98 86 184
45 77 122
25 20 45
31 0 31
0 68 68
21 11 32
71 1 72
80 9 89
55 80 135
9 31 40
88 21 109
3 16 19
81 93 174
57 71 128
18 45 63
3 35 38
23 2 25
8 86 94
6 51 57
24 99 123
99 27 126
45 35 80
63 68 131
81 35 116
50 9 59
40 68 108
88 25 113
10 56 66
22 42 64
77 2 79
42 40 82
50 2 52
82 78 160
43 90 133
18 26 44
25 39 64
33 92 125
62 94 156
36 48 84
52 0 52
50 99 149
91 58 149
90 86 176
11 13 24
17 71 88
61 72 133
93 98 191
33 73 106
75 73 148
18 68 86
22 49 71
42 56 98
42 27 69
14 80 94
98 72 170
95 91 186
92 43 135
62 20 82
55 38 93
98 58 156
32 51 83
77 64 141
41 92 133
49 3 52
37 91 128
9 31 40
99 11 110
52 44 96
68 32 100
75 77 152
9 38 47
26 87 113
50 37 87
51 61 112
48 50 98
66 39 105
83 35 118
88 39 127
86 0 86
60 99 159
24 38 62
43 82 125
48 39 87
17 5 22
52 58 110
30 94 124
3 23 26
64 35 99
30 46 76
55 89 144
80 57 137
12 99 111
95 86 181
21 75 96
94 40 134
84 4 88
98 28 126
55 42 97
6 17 23
92 62 154
10 86 96
30 9 39
33 90 123
61 28 89
91 30 121
56 73 129
71 11 82
46 26 72
58 32 90
73 10 83
63 7 70
88 89 177
53 65 118
83 37 120
84 45 129
1 35 36
68 30 98
47 8 55
88 94 182
26 49 75
96 99 195
41 44 85
83 57 140
18 87 105
98 57 155
98 57 155
78 51 129
88 5 93
8 1 9
75 82 157
9 22 31
15 1 16
40 37 77
47 57 104
54 44 98
93 26 119
33 53 86
86 29 115
37 87 124
39 4 43
6 32 38
32 45 77
61 2 63
17 20 37
35 49 84
25 33 58
52 66 118
90 22 112
44 43 87
81 84 165
86 45 131
71 99 170
66 1 67
43 59 102
8 77 85
77 10 87
11 61 72
84 47 131
94 27 121
58 19 77
26 71 97
51 64 115
35 11 46
36 72 108
18 12 30
34 17 51
18 3 21
60 54 114
88 70 158
52 52 104
6 45 51
64 24 88
66 14 80
67 18 85
20 37 57
58 22 80
7 3 10
80 93 173
98 70 168
28 27 55
97 44 141
16 6 22
37 97 134
44 45 89
41 21 62
21 43 64
62 17 79
6 59 65
29 3 32
32 93 125
52 99 151
60 4 64
98 81 179
62 37 99
40 42 82
77 17 94
24 54 78
75 12 87
52 69 121
18 4 22
10 78 88
95 12 107
68 64 132
28 58 86
52 53 105
80 40 120
67 59 126
60 0 60
60 41 101
83 69 152
36 73 109
92 99 191
43 63 106
36 24 60
84 14 98
41 62 103
36 95 131
2 2 4
10 98 108
54 57 111
62 95 157
32 74 106
37 36 73
87 98 185
16 9 25
47 66 113
70 49 119
9 59 68
57 50 107
21 58 79
93 91 184
8 24 32
95 99 194
89 40 129
64 55 119
78 21 99
43 30 73
16 77 93
91 30 121
0 67 67
53 83 136
10 36 46
67 25 92
71 11 82
69 84 153
20 81 101
49 16 65
42 66 108
20 92 112
19 55 74
12 83 95
69 6 75
10 74 84
35 64 99
18 80 98
85 37 122
73 81 154
62 65 127
87 2 89
94 29 123
63 30 93
31 18 49
68 38 106
99 15 114
43 71 114
67 39 106
49 79 128
48 50 98
1 67 68
69 58 127
67 95 162
22 46 68
90 48 138
63 60 123
87 97 184
56 87 143
39 29 68
51 13 64
78 17 95
30 14 44
29 53 82
85 51 136
88 69 157
21 85 106
87 8 95
13 85 98
10 39 49
39 45 84
55 79 134
33 56 89
66 92 158
56 37 93
11 50 61
18 78 96
6 62 68
10 74 84
68 7 75
99 76 175
36 27 63
66 2 68
17 55 72
31 76 107
93 22 115
79 89 168
3 71 74
32 7 39
70 71 141
57 7 64
74 57 131
25 2 27
20 91 111
81 74 155
37 43 80
81 74 155
27 76 103
77 90 167
11 77 88
91 84 175
15 43 58
43 22 65
79 69 148
44 52 96
77 62 139
15 19 34
66 79 145
7 65 72
88 62 150
1 26 27
73 64 137
44 94 138
84 60 144
84 37 121
95 94 189
91 9 100
43 65 108
86 48 134
13 8 21
51 22 73
83 40 123
24 13 37
81 83 164
10 53 63
84 40 124
26 54 80
92 44 136
24 82 106
75 42 117
22 40 62
7 12 19
92 30 122
31 12 43
67 34 101
49 16 65
92 41 133
96 19 115
63 27 90
28 43 71
11 51 62
8 32 40
35 17 52
50 62 112
15 8 23
9 43 52
41 57 98
7 80 87
61 13 74
77 72 149
30 52 82
39 74 113
96 29 125
48 98 146
99 15 114
79 49 128
15 37 52
95 68 163
94 34 128
11 24 35
38 49 87
71 31 102
49 96 145
85 58 143
56 11 67
89 37 126
28 28 56
88 49 137
0 49 49
7 75 82
19 51 70
30 36 66
72 49 121
88 90 178
39 68 107
47 49 96
41 6 47
15 24 39
86 89 175
72 44 116
53 69 122
49 26 75
26 4 30
61 48 109
34 12 46
45 56 101
29 43 72
43 31 74
25 54 79
60 1 61
59 45 104
85 68 153
11 80 91
87 77 164
3 74 77
69 89 158
0 78 78
31 52 83
77 37 114
50 35 85
61 58 119
94 98 192
60 47 107
26 38 64
83 60 143
71 87 158
68 27 95
85 95 180
61 16 77
46 50 96
20 84 104
32 3 35
88 81 169
46 24 70
40 35 75
41 50 91
81 84 165
59 3 62
18 16 34
68 80 148
53 75 128
4 34 38
67 52 119
79 27 106
27 91 118
60 53 113
79 34 113
27 2 29
92 46 138
15 52 67
94 95 189
19 90 109
44 42 86
23 58 81
92 57 149
81 23 104
49 65 114
53 66 119
82 55 137
25 44 69
65 84 149
12 82 94
0 97 97
62 37 99
27 27 54
26 78 104
80 28 108
12 68 80
66 3 69
94 78 172
20 37 57
17 66 83
7 55 62
51 80 131
32 15 47
51 12 63
56 50 106
67 63 130
80 94 174
88 81 169
32 54 86
76 5 81
67 80 147
84 11 95
20 64 84
11 1 12
46 97 143
85 71 156
36 38 74
34 88 122
89 78 167
97 52 149
1 32 33
23 27 50
99 96 195
56 38 94
22 4 26
24 5 29
63 4 67
75 45 120
10 92 102
11 44 55
44 85 129
3 18 21
69 90 159
60 43 103
67 71 138
48 83 131
52 81 133
13 98 111
60 59 119
93 45 138
33 27 60
47 64 111
81 59 140
66 28 94
4 42 46
26 95 121
66 55 121
73 33 106
75 62 137
20 7 27
14 5 19
99 31 130
93 1 94
1 86 87
49 18 67
66 17 83
56 70 126
13 89 102
63 23 86
14 35 49
40 25 65
24 5 29
3 96 99
12 75 87
67 5 72
40 14 54
96 62 158
48 71 119
74 11 85
14 90 104
0 84 84
59 37 96
38 96 134
90 32 122
26 15 41
86 18 104
68 54 122
51 18 69
68 11 79
10 44 54
66 31 97
16 83 99
39 61 100
7 84 91
26 89 115
14 10 24
79 78 157
39 51 90
39 91 130
13 63 76
37 79 116
65 39 104
87 97 184
69 78 147
53 45 98
1 56 57
60 64 124
25 22 47
40 51 91
50 59 109
11 43 54
28 91 119
96 45 141
71 56 127
22 92 114
82 16 98
83 2 85
1 32 33
59 49 108
72 38 110
25 5 30
83 21 104
32 0 32
28 50 78
7 93 100
57 52 109
93 59 152
95 28 123
24 69 93
50 87 137
16 81 97
26 15 41
84 99 183
52 33 85
73 29 102
80 30 110
58 34 92
84 73 157
2 44 46
69 27 96
5 82 87
38 68 106
48 91 139
28 82 110
37 90 127
99 87 186
92 22 114
92 31 123
99 8 107
68 4 72
6 24 30
95 79 174
28 44 72
19 38 57
51 77 128
7 73 80
90 82 172
16 55 71
80 25 105
59 0 59
93 74 167
64 94 158
87 95 182
76 87 163
37 6 43
38 78 116
7 61 68
43 92 135
44 45 89
62 27 89
68 67 135
75 13 88
53 14 67
38 97 135
66 81 147
77 71 148
44 19 63
61 44 105
11 66 77
52 53 105
87 95 182
1 57 58
9 49 58
35 28 63
19 80 99
86 15 101
97 79 176
65 36 101
75 84 159
29 19 48
3 20 23
69 75 144
10 67 77
41 88 129
59 68 127
56 83 139
16 19 35
70 31 101
8 88 96
33 28 61
95 22 117
59 59 118
10 20 30
48 13 61
76 60 136
44 25 69
71 46 117
15 64 79
32 61 93
45 64 109
89 20 109
56 37 93
48 23 71
66 0 66
17 96 113
73 60 133
60 8 68
73 60 133
56 48 104
34 86 120
74 12 86
76 42 118
56 51 107
61 16 77
38 68 106
73 10 83
84 31 115
1 31 32
94 70 164
68 19 87
51 45 96
8 49 57
14 99 113
77 16 93
3 13 16
82 70 152
59 27 86
95 99 194
60 90 150
19 37 56
17 4 21
13 41 54
18 87 105
33 64 97
90 18 108
0 62 62
77 41 118
20 82 102
8 11 19
94 54 148
94 25 119
76 55 131
95 87 182
53 48 101
83 74 157
28 31 59
24 1 25
14 91 105
18 61 79
22 85 107
18 28 46
30 92 122
20 30 50
76 75 151
20 75 95
29 63 92
13 19 32
80 54 134
92 15 107
19 58 77
84 44 128
32 26 58
76 5 81
79 33 112
68 48 116
23 27 50
93 93 186
91 43 134
60 90 150
38 31 69
31 96 127
1 17 18
91 89 180
75 18 93
19 68 87
75 52 127
12 36 48
48 61 109
47 85 132
14 9 23
35 70 105
0 1 1
72 53 125
35 36 71
84 34 118
76 69 145
70 60 130
10 67 77
38 7 45
54 62 116
74 12 86
90 55 145
76 7 83
69 27 96
92 18 110
45 27 72
14 31 45
23 62 85
59 8 67
89 73 162
92 6 98
97 52 149
24 12 36
77 63 140
81 57 138
13 47 60
96 33 129
89 23 112
60 9 69
38 44 82
13 67 80
32 80 112
66 71 137
2 20 22
52 32 84
18 40 58
29 61 90
56 7 63
25 96 121
84 72 156
0 2 2
87 38 125
30 45 75
71 6 77
45 95 140
5 76 81
11 51 62
20 43 63
66 90 156
20 30 50
94 52 146
22 28 50
8 73 81
0 82 82
69 66 135
61 0 61
53 4 57
62 74 136
57 81 138
27 32 59
22 7 29
2 61 63
6 30 36
55 51 106
89 33 122
82 84 166
84 18 102
91 82 173
96 74 170
80 1 81
10 64 74
32 97 129
73 71 144
0 2 2
77 62 139
9 29 38
29 74 103
82 85 167
93 2 95
8 21 29
30 42 72
72 15 87
71 44 115
21 56 77
38 67 105
37 45 82
49 25 74
8 24 32
95 2 97
76 4 80
58 69 127
73 68 141
76 58 134
46 72 118
74 71 145
28 42 70
16 45 61
18 99 117
33 86 119
78 90 168
94 33 127
6 72 78
65 48 113
80 87 167
91 87 178
51 3 54
9 93 102
92 80 172
64 98 162
13 71 84
91 95 186
93 33 126
2 65 67
26 37 63
53 93 146
65 83 148
74 77 151
30 59 89
70 38 108
72 44 116
56 97 153
24 16 40
71 83 154
71 87 158
10 91 101
32 99 131
36 5 41
64 57 121
8 62 70
65 46 111
50 99 149
60 86 146
87 77 164
96 24 120
47 77 124
8 1 9
90 16 106
12 36 48
0 65 65
67 94 161
57 82 139
84 11 95
10 9 19
40 48 88
75 30 105
76 17 93
66 34 100
13 28 41
58 99 157
36 50 86
80 94 174
16 65 81
57 72 129
88 57 145
30 88 118
62 10 72
59 58 117
97 32 129
93 31 124
64 80 144
26 43 69
22 53 75
45 86 131
67 72 139
56 98 154
22 61 83
56 21 77
0 95 95
90 97 187
24 42 66
90 13 103
56 52 108
78 12 90
33 62 95
21 71 92
67 12 79
14 85 99
76 16 92
18 0 18
16 78 94
9 86 95
95 35 130
13 33 46
62 95 157
2 76 78
0 58 58
56 55 111
79 90 169
64 67 131
38 98 136
60 39 99
8 98 106
22 53 75
37 93 130
32 6 38
84 49 133
7 96 103
54 75 129
23 72 95
18 28 46
7 23 30
72 0 72
99 4 103
32 26 58
66 17 83
44 36 80
23 45 68
89 27 116
87 58 145
45 35 80
81 74 155
32 0 32
32 56 88
62 12 74
1 4 5
73 83 156
28 88 116
13 55 68
84 56 140
26 84 110
65 59 124
60 97 157
55 19 74
23 60 83
4 37 41
19 31 50
3 87 90
38 98 136
48 17 65
38 17 55
21 79 100
19 72 91
57 13 70
27 65 92
4 15 19
77 13 90
97 61 158
76 57 133
69 90 159
15 79 94
16 64 80
81 45 126
6 23 29
26 62 88
48 80 128
0 27 27
36 5 41
84 85 169
91 99 190
68 2 70
17 90 107
73 17 90
43 42 85
27 98 125
46 18 64
71 91 162
37 7 44
44 19 63
38 22 60
3 65 68
91 63 154
13 26 39
78 46 124
96 97 193
77 15 92
16 1 17
63 18 81
7 48 55
90 68 158
40 24 64
9 4 13
29 6 35
3 90 93
93 60 153
90 25 115
9 95 104
75 56 131
0 31 31
64 15 79
72 2 74
82 68 150
25 51 76
89 37 126
77 31 108
13 77 90
70 46 116
32 49 81
40 76 116
62 96 158
7 76 83
8 86 94
78 1 79
97 79 176
42 51 93
34 39 73
63 30 93
73 15 88
14 91 105
46 75 121
52 83 135
45 12 57
60 62 122
62 81 143
26 92 118
24 36 60
18 19 37
6 52 58
5 0 5
53 52 105
80 42 122
5 85 90
